18 0.07993
12 0.07769
18 0.07841
12 0.0755
18 0.07864
12 0.07676
18 0.07833
12 0.07599
18 0.07822
26 0.08434
12 0.07583
18 0.0786
26 0.08412
12 0.07578
18 0.07814
26 0.08417
12 0.07696
18 0.07951
26 0.08504
12 0.08837
18 0.08018
26 0.09783
12 0.07738
18 0.08174
26 0.08507
12 0.07601
18 0.07956
26 0.08555
12 0.07671
18 0.07866
26 0.08534
12 0.07631
18 0.08034
26 0.0887
12 0.07483
18 0.07757
26 0.08413
14 0.07881
20 0.08263
14 0.07911
20 0.08221
14 0.07896
20 0.08175
14 0.07953
20 0.10314
14 0.07984
20 0.08214
28 0.08921
14 0.0798
20 0.08305
28 0.08911
14 0.07969
20 0.08217
28 0.08929
14 0.08058
20 0.08238
28 0.08941
14 0.0799
20 0.08186
28 0.08933
14 0.08061
20 0.08826
28 0.09356
14 0.08009
20 0.08416
28 0.08968
14 0.07917
20 0.08263
28 0.08889
14 0.07963
20 0.08267
28 0.09019
14 0.07736
20 0.08219
28 0.09155
16 0.08217
22 0.08313
16 0.08094
22 0.08349
16 0.08063
22 0.08518
16 0.08345
22 0.08379
16 0.0807
22 0.08647
30 0.09298
16 0.08871
22 0.09299
30 0.09676
16 0.08413
22 0.08447
30 0.09482
16 0.08566
22 0.0963
30 0.10303
16 0.08084
22 0.08564
30 0.09129
16 0.08479
22 0.08383
30 0.09499
16 0.08437
22 0.08491
30 0.09241
16 0.08373
22 0.09622
30 0.09414
16 0.08454
22 0.08357
30 0.09702
16 0.07883
22 0.08693
30 0.09385
16 0.08223
22 0.0841
16 0.08339
22 0.08537
16 0.08545
22 0.08472
16 0.08765
22 0.0916
16 0.08417
22 0.08706
30 0.10299
16 0.08107
22 0.08794
30 0.09225
16 0.08462
22 0.08453
30 0.09691
16 0.08052
22 0.08499
30 0.09754
16 0.08276
22 0.08409
30 0.09218
16 0.0815
22 0.08617
30 0.09343
16 0.11074
22 0.13455
30 0.16771
16 0.08243
22 0.0844
30 0.09681
16 0.08072
22 0.08733
30 0.09233
16 0.0822
22 0.08334
30 0.10022
16 0.08263
22 0.08355
16 0.0802
22 0.08997
16 0.08085
22 0.08914
16 0.08035
22 0.0872
16 0.08046
22 0.08601
30 0.09221
16 0.08373
22 0.08693
30 0.09266
16 0.08273
22 0.08476
30 0.0957
16 0.08068
22 0.08778
30 0.09205
16 0.08347
22 0.0843
30 0.09516
16 0.08162
22 0.08725
30 0.09419
16 0.08372
22 0.08568
30 0.0969
16 0.08004
22 0.09207
30 0.09481
16 0.08235
22 0.08629
30 0.093
16 0.08168
22 0.08412
30 0.09405
14 0.08848
20 0.0849
14 0.07909
20 0.0845
14 0.09489
20 0.0978
14 0.08467
20 0.08936
14 0.07952
20 0.08449
28 0.09095
14 0.07915
20 0.08231
28 0.09059
14 0.08464
20 0.08787
28 0.09706
14 0.07939
20 0.09483
28 0.0984
14 0.07884
20 0.08297
28 0.09004
14 0.0793
20 0.0829
28 0.08995
14 0.08111
20 0.08268
28 0.09016
14 0.07968
20 0.08267
28 0.09059
14 0.10116
20 0.08544
28 0.09773
14 0.07792
20 0.08168
28 0.09855
16 0.0827
22 0.0854
16 0.08595
22 0.10018
16 0.08254
22 0.08432
16 0.08031
22 0.08425
16 0.08069
22 0.08433
30 0.09214
16 0.08007
22 0.08464
30 0.09241
16 0.08073
22 0.08486
30 0.09359
16 0.0823
22 0.0844
30 0.09233
16 0.08051
22 0.08434
30 0.09272
16 0.08068
22 0.08432
30 0.09192
16 0.08048
22 0.08496
30 0.09198
16 0.08024
22 0.08422
30 0.09255
16 0.08263
22 0.08421
30 0.09297
16 0.07828
22 0.0835
30 0.09235
16 0.08052
22 0.08386
16 0.08067
22 0.08561
16 0.08083
22 0.08623
16 0.08664
22 0.0846
16 0.08041
22 0.08516
30 0.09366
16 0.08304
22 0.0858
30 0.09237
16 0.11909
22 0.10423
30 0.1195
16 0.16817
22 0.12818
30 0.11536
16 0.0812
22 0.08522
30 0.09347
16 0.10172
22 0.10441
30 0.09324
16 0.08623
22 0.08497
30 0.09616
16 0.0807
22 0.08454
30 0.09257
16 0.08628
22 0.08469
30 0.09254
16 0.07862
22 0.08308
30 0.09177
16 0.08919
22 0.08467
16 0.08242
22 0.08679
16 0.08107
22 0.08706
16 0.09584
22 0.08468
16 0.08205
22 0.0863
30 0.09437
16 0.08588
22 0.08663
30 0.09261
16 0.08451
22 0.08454
30 0.09256
16 0.08068
22 0.08471
30 0.09585
16 0.08871
22 0.09941
30 0.10365
16 0.08066
22 0.0848
30 0.09202
16 0.09623
22 0.10396
30 0.104
16 0.08071
22 0.08499
30 0.09254
16 0.08086
22 0.08552
30 0.09301
16 0.07863
22 0.08295
30 0.09149
14 0.08315
20 0.08289
14 0.07922
20 0.08476
14 0.07947
20 0.08522
14 0.07929
20 0.08377
14 0.0946
20 0.09451
28 0.09326
14 0.07939
20 0.08279
28 0.09075
14 0.07998
20 0.08339
28 0.0913
14 0.08049
20 0.08349
28 0.09078
14 0.07955
20 0.08604
28 0.09522
14 0.07949
20 0.08297
28 0.09004
14 0.07972
20 0.08271
28 0.09042
14 0.07913
20 0.08259
