Pan FW - 1 - 7, 11, 12, 
	2 - 7, 8, 11, 12, 13, 15
	3 - 8, 12, 13, 15, 7
	4 - 12, 13, 8, 15, 7, 11
	without TL
	1 - 7, 10
	2 - 7, 10,
	3 - 7, 10
	4 - 7, 10
SSD - 1 - 8, 15, 17, 13, 14, 
      2 - 8, 15, 17, 13 ,14, 16, 9, 17,
      3 - 8, 15, 17, 13, 14, 16, 9, 17
      4 - Same

without TL
      1 - 7, 11, 13, 10
      2 -
      3 - 
      4 - 
HHD - 1 - 10, 16, 19, 21, 24,
      2 -
      3 -
      4 -

without tl
      1 - 10, 14
      2
      3
      4

SYN_FD
      1 - 14, 17, 20, 22
      2
      3
      4
without tl
      1 -13, 20, 18
      2
      3
      4
