13 0.07722
9 0.0726
13 0.07743
9 0.07334
13 0.0736
9 0.07301
13 0.07364
9 0.07223
13 0.07553
14 0.08371
9 0.0718
13 0.0734
14 0.07757
9 0.07203
13 0.07479
14 0.07785
14 0.0784
9 0.07278
13 0.07403
14 0.07743
14 0.07782
9 0.07262
13 0.07353
14 0.07778
14 0.07766
11 0.08387
15 0.08022
11 0.07541
15 0.07633
11 0.07463
15 0.07694
11 0.07476
15 0.07654
11 0.07492
15 0.07648
16 0.08071
11 0.07444
15 0.07656
16 0.08063
11 0.07479
15 0.07661
16 0.08059
16 0.08163
11 0.08133
15 0.0777
16 0.0818
16 0.08226
11 0.07504
15 0.07684
16 0.08092
16 0.08067
13 0.08443
17 0.08058
13 0.08449
17 0.08073
13 0.07573
17 0.07779
13 0.07589
17 0.07748
13 0.07537
17 0.07976
18 0.08174
13 0.07695
17 0.07883
18 0.08165
13 0.07621
17 0.07851
18 0.08272
18 0.08228
13 0.07616
17 0.07757
18 0.08197
18 0.08346
13 0.07586
17 0.07736
18 0.09778
18 0.0992
15 0.0872
19 0.08053
15 0.07747
19 0.07943
15 0.07753
19 0.08046
15 0.07779
19 0.08185
15 0.07706
19 0.08026
20 0.08368
15 0.07726
19 0.0807
20 0.08483
15 0.0774
19 0.08149
20 0.0847
20 0.08474
15 0.09187
19 0.08009
20 0.08632
20 0.08723
15 0.07764
19 0.08062
20 0.08545
20 0.08465
16 0.07886
16 0.07976
21 0.09007
16 0.07952
21 0.08405
23 0.08571
16 0.07952
21 0.08369
23 0.08614
16 0.0796
21 0.08452
23 0.08511
16 0.07801
21 0.08335
23 0.08511
16 0.07863
21 0.08284
23 0.08534
21 0.08403
16 0.07844
21 0.08428
23 0.08519
21 0.0841
23 0.08559
16 0.07896
21 0.08362
23 0.08573
21 0.08406
23 0.08661
16 0.07903
21 0.08489
23 0.08691
21 0.08404
23 0.08539
16 0.07829
21 0.0833
23 0.0855
21 0.08515
23 0.08649
16 0.07784
20 0.08161
16 0.07819
20 0.08046
16 0.07826
20 0.08006
16 0.0789
20 0.08023
16 0.07932
20 0.08062
21 0.08496
16 0.07867
20 0.0809
21 0.08549
16 0.08006
20 0.08155
21 0.09467
21 0.08865
16 0.07814
20 0.08003
21 0.08496
21 0.08619
16 0.07824
20 0.08484
21 0.08599
21 0.08559
16 0.07806
20 0.08168
16 0.0795
20 0.07988
16 0.07867
20 0.08029
16 0.07896
20 0.08016
16 0.0791
20 0.07996
21 0.08515
16 0.07807
20 0.0808
21 0.08544
16 0.07977
20 0.08016
21 0.08482
21 0.08735
16 0.07827
20 0.08043
21 0.08481
21 0.08586
16 0.07817
20 0.08039
21 0.08593
21 0.08501
14 0.07676
14 0.07701
19 0.08171
14 0.07725
19 0.08105
21 0.08315
14 0.07751
19 0.08239
21 0.08375
14 0.07663
19 0.08116
21 0.08298
14 0.0774
19 0.08088
21 0.08311
14 0.07652
19 0.0878
21 0.08496
19 0.08319
14 0.07695
19 0.08287
21 0.0846
19 0.0818
21 0.08304
14 0.08064
19 0.09035
21 0.08541
19 0.08312
21 0.08924
14 0.07702
19 0.08154
21 0.08463
19 0.08149
21 0.08355
14 0.07674
19 0.08556
21 0.0847
19 0.08738
21 0.08403
16 0.07912
16 0.07959
21 0.08284
16 0.07918
21 0.08279
23 0.0854
16 0.07904
21 0.08299
23 0.08479
16 0.07885
21 0.08306
23 0.0851
16 0.07846
21 0.0827
23 0.08546
16 0.07773
21 0.08308
23 0.08475
21 0.08367
16 0.07889
21 0.08454
23 0.08613
21 0.08352
23 0.08482
16 0.07814
21 0.08635
23 0.08562
21 0.08264
23 0.08579
16 0.07827
21 0.08351
23 0.08516
21 0.09423
23 0.08668
16 0.07802
21 0.08308
23 0.0849
21 0.08413
23 0.08533
16 0.07845
16 0.07794
21 0.08304
16 0.07824
21 0.08653
23 0.08541
16 0.07873
21 0.08278
23 0.085
16 0.07881
21 0.08297
23 0.08481
16 0.07819
21 0.08276
23 0.0884
16 0.07808
21 0.08318
23 0.08527
21 0.08494
16 0.0779
21 0.08442
23 0.08559
21 0.08312
23 0.08561
16 0.07833
21 0.08332
23 0.08542
21 0.08431
23 0.08544
16 0.07856
21 0.08308
23 0.08602
21 0.08357
23 0.08546
16 0.07799
21 0.08304
23 0.08763
21 0.08339
23 0.0891
16 0.09281
20 0.09782
16 0.07811
20 0.0802
16 0.07792
20 0.0804
16 0.07801
20 0.09783
16 0.07836
20 0.07987
21 0.08622
16 0.079
20 0.08006
21 0.08538
16 0.07838
20 0.08212
21 0.08573
21 0.08917
16 0.07876
20 0.08014
21 0.08572
21 0.08507
16 0.07807
20 0.08133
21 0.08476
21 0.08548
16 0.07871
16 0.07858
21 0.08302
16 0.07798
21 0.08324
23 0.08513
16 0.07872
21 0.0828
23 0.08629
16 0.07973
21 0.08311
23 0.0849
16 0.0782
21 0.08296
23 0.08622
16 0.07789
21 0.08371
23 0.08625
21 0.08331
16 0.07844
21 0.08416
23 0.08521
21 0.08467
23 0.08662
16 0.078
21 0.08696
23 0.08643
21 0.08336
23 0.08551
16 0.07859
21 0.08288
23 0.08537
21 0.08371
23 0.08578
16 0.07971
21 0.10304
23 0.08851
21 0.08382
23 0.08666
16 0.07865
20 0.08001
16 0.07908
20 0.08098
16 0.07808
20 0.0813
16 0.07849
20 0.08091
16 0.07865
20 0.08001
21 0.08528
16 0.07783
20 0.07996
21 0.08576
16 0.07906
20 0.08008
21 0.08499
21 0.08572
16 0.07819
20 0.08433
21 0.08597
21 0.09043
16 0.08358
20 0.08063
21 0.0848
21 0.08544
14 0.07714
18 0.07836
14 0.07815
18 0.07868
14 0.07739
18 0.07952
14 0.07657
18 0.07846
14 0.07727
18 0.07862
19 0.08313
14 0.0767
18 0.07946
19 0.08443
14 0.07682
18 0.07854
19 0.08347
19 0.08448
14 0.07635
18 0.07853
19 0.08335
19 0.09158
14 0.07733
18 0.07876
19 0.08376
19 0.08334
16 0.07785
20 0.08091
16 0.07816
20 0.08044
16 0.07751
20 0.08063
16 0.07905
20 0.08028
16 0.07866
20 0.0811
21 0.08527
16 0.07796
20 0.07981
21 0.08501
16 0.07831
20 0.07988
21 0.08465
21 0.08577
16 0.07825
20 0.0808
21 0.08498
21 0.08486
16 0.08033
20 0.07985
21 0.08516
21 0.08534
16 0.07763
16 0.07779
21 0.08357
16 0.07809
21 0.08352
23 0.08665
16 0.078
21 0.08332
23 0.08497
16 0.07795
21 0.08295
23 0.08585
16 0.07842
21 0.08312
23 0.08552
16 0.07821
21 0.083
23 0.08563
21 0.0829
16 0.07762
21 0.0833
23 0.09204
21 0.08551
23 0.08641
16 0.07793
21 0.08308
23 0.08633
21 0.08313
23 0.08712
16 0.09046
21 0.08483
23 0.08666
21 0.08398
23 0.09086
16 0.07783
21 0.08298
23 0.08542
21 0.08307
23 0.08609
16 0.07792
20 0.08545
16 0.08307
20 0.08098
16 0.07774
20 0.0809
16 0.07808
20 0.08012
16 0.07798
20 0.08171
21 0.08724
16 0.07776
20 0.08029
21 0.08536
16 0.07793
20 0.07978
21 0.08485
21 0.08592
16 0.07824
20 0.08078
21 0.0846
21 0.08575
16 0.07784
20 0.0802
21 0.08475
21 0.08575
16 0.07815
20 0.08
16 0.07888
20 0.08088
16 0.0784
20 0.08794
16 0.08563
20 0.08629
16 0.07857
20 0.08815
21 0.08676
16 0.07821
20 0.08066
21 0.08509
16 0.07862
20 0.08094
21 0.08529
21 0.08519
16 0.07895
20 0.08102
21 0.08541
21 0.08852
16 0.07938
20 0.08032
21 0.08553
21 0.08619
14 0.07668
18 0.07847
14 0.07781
18 0.07931
14 0.07672
18 0.07905
14 0.07738
18 0.07906
14 0.07701
18 0.07872
19 0.08297
14 0.09544
18 0.11251
19 0.08698
14 0.07857
18 0.07866
19 0.08454
19 0.08359
14 0.07749
18 0.0787
19 0.08372
19 0.08474
14 0.0766
18 0.07868
19 0.08344
19 0.09421
16 0.08006
20 0.08059
16 0.08361
20 0.08015
16 0.07794
20 0.08002
16 0.07749
20 0.08101
16 0.08332
20 0.08152
21 0.08804
16 0.07804
20 0.08008
21 0.08488
16 0.07755
20 0.07987
21 0.08485
21 0.08495
16 0.08209
20 0.08028
21 0.08553
21 0.08501
16 0.07798
20 0.07986
21 0.08501
21 0.08555
16 0.078
16 0.07879
21 0.08389
16 0.07779
21 0.08307
23 0.08508
16 0.07843
21 0.08279
23 0.08528
16 0.07794
21 0.08423
23 0.08604
16 0.0781
21 0.08311
23 0.0858
16 0.07831
21 0.08308
23 0.08546
21 0.08318
16 0.07927
21 0.08381
23 0.08518
21 0.08291
23 0.08581
16 0.07879
21 0.08379
23 0.0855
21 0.08321
23 0.08618
16 0.07797
21 0.08362
23 0.08545
21 0.08378
23 0.08531
16 0.07783
21 0.08356
23 0.09626
21 0.08417
23 0.08768
16 0.08473
20 0.08088
16 0.07817
20 0.08001
16 0.07861
20 0.0812
16 0.07891
20 0.08154
16 0.07826
20 0.08121
21 0.08573
16 0.0779
20 0.08012
21 0.08516
16 0.07769
20 0.08031
21 0.08573
21 0.08527
16 0.07796
20 0.08039
21 0.08492
21 0.08522
16 0.07998
20 0.08119
21 0.08562
21 0.08978
16 0.07817
20 0.07968
16 0.078
20 0.08
16 0.08081
20 0.08066
16 0.07837
20 0.0808
16 0.07806
20 0.07993
21 0.0854
16 0.07909
20 0.0801
21 0.08565
16 0.07881
20 0.08397
21 0.08595
21 0.08486
16 0.07825
20 0.08094
21 0.08495
21 0.08594
16 0.0787
20 0.0864
21 0.08697
21 0.08861
12 0.07616
12 0.07562
17 0.0804
12 0.07569
17 0.08039
19 0.08305
12 0.07632
17 0.08186
19 0.08587
12 0.07618
17 0.08102
19 0.08332
12 0.07822
17 0.08104
19 0.08266
12 0.07592
17 0.08223
19 0.08265
17 0.08072
12 0.07708
17 0.08079
19 0.08277
17 0.08094
19 0.08312
12 0.07681
17 0.0815
19 0.08283
17 0.08117
19 0.08437
12 0.07643
17 0.08053
19 0.08277
17 0.08118
19 0.08238
12 0.07645
17 0.08125
19 0.08272
17 0.08181
19 0.08305
14 0.07736
14 0.07633
19 0.08146
14 0.07638
19 0.08258
21 0.08347
14 0.07609
19 0.08139
21 0.08276
14 0.07624
19 0.08055
21 0.08393
14 0.08899
19 0.08163
21 0.08563
14 0.0785
19 0.08118
21 0.08303
19 0.08108
14 0.08132
19 0.09948
21 0.08428
19 0.09013
21 0.09099
14 0.07636
19 0.08076
21 0.08291
19 0.08175
21 0.08329
14 0.08431
19 0.08603
21 0.08654
19 0.08733
21 0.08327
14 0.07612
19 0.08086
21 0.08299
19 0.08103
21 0.08644
16 0.08191
16 0.07855
21 0.08476
16 0.07768
21 0.08312
23 0.08499
16 0.07795
21 0.0831
23 0.08613
16 0.07784
21 0.08316
23 0.08722
16 0.07827
21 0.08361
23 0.08555
16 0.07846
21 0.08299
23 0.08576
21 0.08304
16 0.07874
21 0.08352
23 0.08538
21 0.08326
23 0.08571
16 0.07791
21 0.08296
23 0.08573
21 0.08293
23 0.091
16 0.07808
21 0.08304
23 0.08509
21 0.08327
23 0.08511
16 0.07859
21 0.08342
23 0.08453
21 0.08391
23 0.08576
16 0.07769
16 0.07811
21 0.08283
16 0.07797
21 0.08336
23 0.08557
16 0.07862
21 0.08391
23 0.08635
16 0.07827
21 0.08292
23 0.08514
16 0.07808
21 0.08449
23 0.0854
16 0.07825
21 0.08395
23 0.08541
21 0.08359
16 0.07792
21 0.08365
23 0.08523
21 0.08316
23 0.08621
16 0.0778
21 0.08402
23 0.0857
21 0.08348
23 0.08536
16 0.07958
21 0.083
23 0.08534
21 0.1086
23 0.08586
16 0.08299
21 0.08375
23 0.08513
21 0.08344
23 0.08509
16 0.07858
20 0.07973
16 0.07994
20 0.08422
16 0.08081
20 0.08244
16 0.07809
20 0.08009
16 0.10914
20 0.08166
21 0.0864
16 0.07832
20 0.08141
21 0.0852
16 0.07826
20 0.08011
21 0.08625
21 0.08559
16 0.07983
20 0.0808
21 0.08684
21 0.09002
16 0.07822
20 0.08153
21 0.0858
21 0.08584
16 0.07795
16 0.07813
21 0.08328
16 0.07892
21 0.08464
23 0.08725
16 0.07813
21 0.09054
23 0.08555
16 0.07828
21 0.08314
23 0.08544
16 0.07954
21 0.08332
23 0.08524
16 0.07871
21 0.08301
23 0.08627
21 0.08302
16 0.0783
21 0.08535
23 0.08585
21 0.08314
23 0.08615
16 0.07801
21 0.08396
23 0.08584
21 0.08348
23 0.08617
16 0.09162
21 0.08605
23 0.08647
21 0.08489
23 0.08549
16 0.07927
21 0.08354
23 0.08526
21 0.08471
23 0.08566
16 0.07836
20 0.0808
16 0.07791
20 0.08072
16 0.07919
20 0.08011
16 0.07784
20 0.08056
16 0.07822
20 0.08041
21 0.08663
16 0.07798
20 0.08033
21 0.09351
16 0.10198
20 0.15648
21 0.08938
21 0.09461
16 0.08211
20 0.08305
21 0.09243
21 0.08673
16 0.0807
20 0.08341
21 0.11608
21 0.09545
14 0.0771
14 0.07635
19 0.08261
14 0.07882
19 0.0812
21 0.08493
14 0.07949
19 0.0831
21 0.08352
14 0.07698
19 0.08158
21 0.08497
14 0.07655
19 0.08127
21 0.08396
14 0.07946
19 0.08372
21 0.08326
19 0.08152
14 0.07881
19 0.10282
21 0.08644
19 0.08168
21 0.0854
14 0.07688
19 0.08176
21 0.08443
19 0.08162
21 0.08422
14 0.07698
19 0.08152
21 0.08314
19 0.08233
21 0.08403
14 0.07691
19 0.08164
21 0.08344
19 0.08145
21 0.08362
16 0.07756
16 0.07867
21 0.08299
16 0.08048
21 0.08289
23 0.08553
16 0.08576
21 0.08308
23 0.08513
16 0.07843
21 0.08796
23 0.08611
16 0.07883
21 0.08383
23 0.08519
16 0.08084
21 0.08393
23 0.0853
21 0.08375
16 0.07958
21 0.0833
23 0.0859
21 0.08353
23 0.086
16 0.07879
21 0.08374
23 0.08605
21 0.08349
23 0.08586
16 0.07829
21 0.08344
23 0.0859
21 0.08439
23 0.08587
16 0.07803
21 0.08324
23 0.08548
21 0.08362
23 0.08853
16 0.08001
16 0.07932
21 0.08372
16 0.07799
21 0.08335
23 0.08542
16 0.08003
21 0.08492
23 0.08832
16 0.08025
21 0.0839
23 0.08636
16 0.07841
21 0.08382
23 0.08535
16 0.08038
21 0.08479
23 0.08741
21 0.08727
16 0.07846
21 0.08368
23 0.08588
21 0.08352
23 0.08718
16 0.07884
21 0.08572
23 0.08598
21 0.08361
23 0.08566
16 0.07833
21 0.08347
23 0.08583
21 0.08438
23 0.08688
16 0.07987
21 0.08398
23 0.08566
21 0.08377
23 0.08681
16 0.07822
20 0.08279
16 0.0793
20 0.08047
16 0.07945
20 0.08092
16 0.0796
20 0.08051
16 0.07837
20 0.08131
21 0.0865
16 0.07889
20 0.08111
21 0.08672
16 0.07876
20 0.08397
21 0.08554
21 0.08525
16 0.0791
20 0.08079
21 0.08547
21 0.08529
16 0.07822
20 0.08108
21 0.08541
21 0.08587
16 0.07819
16 0.0789
21 0.08358
16 0.07871
21 0.08501
23 0.08555
16 0.0785
21 0.08343
23 0.08967
16 0.07871
21 0.08383
23 0.08532
16 0.07928
21 0.0838
23 0.08644
16 0.0793
21 0.08324
23 0.0857
21 0.08351
16 0.07832
21 0.08394
23 0.08874
21 0.08445
23 0.08617
16 0.07986
21 0.08422
23 0.08557
21 0.08291
23 0.08614
16 0.08054
21 0.08459
23 0.08624
21 0.08357
23 0.08679
16 0.07841
21 0.08353
23 0.0861
21 0.08463
23 0.08575
16 0.07795
20 0.08016
16 0.07963
20 0.08311
16 0.08213
20 0.08153
16 0.07954
20 0.08125
16 0.07979
20 0.08064
21 0.08563
16 0.08007
20 0.08052
21 0.08607
16 0.07903
20 0.08209
21 0.08529
21 0.08536
16 0.0781
20 0.08126
21 0.09275
21 0.08572
16 0.07912
20 0.0811
21 0.08561
21 0.08589
14 0.07708
18 0.07942
14 0.07691
18 0.0802
14 0.07672
18 0.07884
14 0.07759
18 0.08055
14 0.07744
18 0.08071
19 0.08692
14 0.07825
18 0.07884
19 0.08342
14 0.07766
18 0.07947
19 0.0832
19 0.08346
14 0.07683
18 0.08001
19 0.08381
19 0.08381
14 0.07657
18 0.07897
19 0.08385
19 0.0836
16 0.07748
20 0.08163
16 0.07759
20 0.0802
16 0.07763
20 0.07977
16 0.07774
20 0.08021
16 0.07765
20 0.08109
21 0.08487
16 0.08116
20 0.08256
21 0.08456
16 0.07755
20 0.08051
21 0.08485
21 0.08547
16 0.07873
20 0.08017
21 0.08615
21 0.08618
16 0.07747
20 0.08015
21 0.08565
21 0.08466
16 0.07988
16 0.08123
21 0.08306
16 0.07901
21 0.08384
23 0.08498
16 0.07863
21 0.08286
23 0.08699
16 0.07919
21 0.08609
23 0.08916
16 0.07793
21 0.08307
23 0.08583
16 0.07931
21 0.08426
23 0.09309
21 0.08407
16 0.07864
21 0.08406
23 0.08532
21 0.08284
23 0.08551
16 0.07871
21 0.08853
23 0.09086
21 0.08777
23 0.08538
16 0.07796
21 0.08471
23 0.08582
21 0.08349
23 0.08661
16 0.07793
21 0.08333
23 0.08639
21 0.08657
23 0.08533
16 0.07821
20 0.0805
16 0.0777
20 0.07998
16 0.07947
20 0.07994
16 0.0784
20 0.08209
16 0.07918
20 0.08047
21 0.08466
16 0.07792
20 0.08142
21 0.08499
16 0.08056
20 0.08042
21 0.08859
21 0.08604
16 0.07795
20 0.07989
21 0.08473
21 0.08628
16 0.07814
20 0.08104
21 0.08548
21 0.0852
16 0.07862
20 0.08072
16 0.07801
20 0.07993
16 0.07793
20 0.07998
16 0.07903
20 0.0804
16 0.07938
20 0.08052
21 0.08503
16 0.07796
20 0.0807
21 0.08492
16 0.08248
20 0.0824
21 0.08551
21 0.08701
16 0.07804
20 0.08164
21 0.08479
21 0.08589
16 0.07998
20 0.08051
21 0.08607
21 0.08499
14 0.07787
14 0.07701
19 0.08169
14 0.07772
19 0.08148
21 0.08324
14 0.07762
19 0.08396
21 0.08424
14 0.0767
19 0.08395
21 0.08338
14 0.07763
19 0.0814
21 0.08375
14 0.07675
19 0.08168
21 0.08362
19 0.08233
14 0.08952
19 0.09076
21 0.08705
19 0.08332
21 0.08444
14 0.07711
19 0.08121
21 0.08607
19 0.08411
21 0.08409
14 0.07909
19 0.08304
21 0.08325
19 0.08213
21 0.0839
14 0.07693
19 0.08228
21 0.08469
19 0.08205
21 0.08365
16 0.07809
16 0.07934
21 0.08297
16 0.07871
21 0.08442
23 0.08546
16 0.07803
21 0.08308
23 0.08528
16 0.07999
21 0.08309
23 0.0852
16 0.07831
21 0.08328
23 0.08556
16 0.07836
21 0.08336
23 0.08505
21 0.08431
16 0.07792
21 0.08412
23 0.08583
21 0.08353
23 0.08549
16 0.07792
21 0.08359
23 0.08531
21 0.08281
23 0.08564
16 0.07798
21 0.08391
23 0.08557
21 0.08367
23 0.08717
16 0.07751
21 0.08328
23 0.08521
21 0.0841
23 0.0857
16 0.08651
16 0.08243
21 0.0853
16 0.07836
21 0.08364
23 0.08532
16 0.07869
21 0.0832
23 0.0865
16 0.07827
21 0.08371
23 0.0859
16 0.07833
21 0.08313
23 0.08523
16 0.07827
21 0.08355
23 0.08635
21 0.08344
16 0.07839
21 0.08639
23 0.08546
21 0.08382
23 0.08604
16 0.07868
21 0.08396
23 0.08659
21 0.0834
23 0.0854
16 0.0792
21 0.08338
23 0.08554
21 0.08402
23 0.08603
16 0.07833
21 0.08318
23 0.08642
21 0.08336
23 0.08581
16 0.0799
20 0.08055
16 0.07907
20 0.08032
16 0.07813
20 0.08087
16 0.07858
20 0.0813
16 0.07841
20 0.08034
21 0.08544
16 0.08497
20 0.08633
21 0.08635
16 0.07899
20 0.08161
21 0.08543
21 0.09207
16 0.07838
20 0.08056
21 0.086
21 0.08635
16 0.07966
20 0.08077
21 0.08614
21 0.08619
16 0.07955
16 0.0788
21 0.08333
16 0.07894
21 0.08484
23 0.08593
16 0.07914
21 0.08349
23 0.08647
16 0.07831
21 0.08318
23 0.08514
16 0.07809
21 0.08309
23 0.08545
16 0.07838
21 0.08415
23 0.08844
21 0.08348
16 0.0783
21 0.08367
23 0.08539
21 0.08957
23 0.08729
16 0.08018
21 0.08435
23 0.08711
21 0.08356
23 0.08562
16 0.07832
21 0.08928
23 0.08742
21 0.08572
23 0.08577
16 0.07897
21 0.08415
23 0.08562
21 0.08342
23 0.08542
16 0.07822
20 0.08016
16 0.07816
20 0.08085
16 0.07866
20 0.08145
16 0.07889
20 0.0807
16 0.07869
20 0.08058
21 0.08576
16 0.07807
20 0.0808
21 0.08615
16 0.0778
20 0.08042
21 0.08535
21 0.08525
16 0.07837
20 0.08025
21 0.08525
21 0.08566
16 0.07831
20 0.08049
21 0.08574
21 0.08754
14 0.07816
18 0.08467
14 0.08059
18 0.08057
14 0.07853
18 0.08013
14 0.07713
18 0.07904
14 0.07751
18 0.08041
19 0.08434
14 0.07739
18 0.07946
19 0.08468
14 0.07719
18 0.0791
19 0.08351
19 0.08492
14 0.07768
18 0.08039
19 0.08384
19 0.08447
14 0.07702
18 0.07911
19 0.08339
19 0.08437
16 0.07789
20 0.0798
16 0.07903
20 0.08012
16 0.07806
20 0.08069
16 0.07819
20 0.08122
16 0.07775
20 0.08051
21 0.08549
16 0.07768
20 0.08062
21 0.08649
16 0.07799
20 0.08023
21 0.0852
21 0.08573
16 0.08119
20 0.08151
21 0.08531
21 0.087
16 0.07852
20 0.08284
21 0.08539
21 0.08506
16 0.07789
16 0.07994
21 0.08541
16 0.07994
21 0.08347
23 0.08653
16 0.0785
21 0.08306
23 0.08515
16 0.07795
21 0.08398
23 0.08574
16 0.08063
21 0.08493
23 0.08605
16 0.07868
21 0.08291
23 0.08589
21 0.08319
16 0.07917
21 0.08328
23 0.08566
21 0.08392
23 0.08582
16 0.07791
21 0.08332
23 0.08553
21 0.08347
23 0.08556
16 0.07855
21 0.0841
23 0.08678
21 0.08336
23 0.08521
16 0.0784
21 0.08442
23 0.0855
21 0.08404
23 0.08661
16 0.07793
20 0.08041
16 0.07849
20 0.08021
16 0.07808
20 0.07981
16 0.07783
20 0.08008
16 0.07819
20 0.08081
21 0.0852
16 0.07801
20 0.08032
21 0.08544
16 0.07788
20 0.08019
21 0.08604
21 0.0857
16 0.07818
20 0.08379
21 0.08546
21 0.08527
16 0.07789
20 0.08016
21 0.0858
21 0.08659
16 0.07834
20 0.07993
16 0.07818
20 0.08002
16 0.07803
20 0.07993
16 0.07807
20 0.08006
16 0.078
20 0.08424
21 0.08551
16 0.07826
20 0.08037
21 0.08521
16 0.07966
20 0.0832
21 0.08718
21 0.08529
16 0.07831
20 0.0805
21 0.08645
21 0.0854
16 0.07828
20 0.08014
21 0.08689
21 0.08789
12 0.07833
16 0.07849
12 0.07615
16 0.07816
12 0.07636
16 0.07847
12 0.07645
16 0.07819
12 0.08141
16 0.07863
17 0.0825
12 0.0832
16 0.08587
17 0.08665
12 0.07639
16 0.07805
17 0.08371
17 0.08304
12 0.07644
16 0.07848
17 0.08293
17 0.08274
12 0.07659
16 0.07888
17 0.08289
17 0.08288
14 0.07635
18 0.07806
14 0.07899
18 0.07854
14 0.07754
18 0.07871
14 0.07674
18 0.08146
14 0.07721
18 0.07826
19 0.08366
14 0.07648
18 0.07871
19 0.08368
14 0.07774
18 0.07842
19 0.1142
19 0.08697
14 0.07753
18 0.07901
19 0.08372
19 0.08341
14 0.07639
18 0.08003
19 0.08301
19 0.08483
16 0.07823
20 0.0799
16 0.07773
20 0.08049
16 0.08029
20 0.07989
16 0.07792
20 0.08013
16 0.07901
20 0.08092
21 0.08523
16 0.07795
20 0.08031
21 0.08536
16 0.07898
20 0.08041
21 0.0857
21 0.08599
16 0.07806
20 0.08171
21 0.08795
21 0.08649
16 0.07772
20 0.08089
21 0.08544
21 0.092
16 0.08021
16 0.08128
21 0.08401
16 0.07834
21 0.08344
23 0.08529
16 0.08445
21 0.0875
23 0.08722
16 0.07878
21 0.08318
23 0.08533
16 0.07805
21 0.09062
23 0.08636
16 0.07825
21 0.08357
23 0.09011
21 0.08781
16 0.07893
21 0.08356
23 0.08535
21 0.08409
23 0.08729
16 0.07831
21 0.08354
23 0.08757
21 0.08393
23 0.08639
16 0.07845
21 0.08327
23 0.08568
21 0.08375
23 0.08658
16 0.07812
21 0.08461
23 0.08851
21 0.08432
23 0.08798
16 0.08079
20 0.08173
16 0.07878
20 0.08171
16 0.07831
20 0.08149
16 0.07923
20 0.08072
16 0.07834
20 0.08083
21 0.08541
16 0.079
20 0.08218
21 0.08597
16 0.07833
20 0.08049
21 0.08545
21 0.08553
16 0.07837
20 0.08183
21 0.08558
21 0.08552
16 0.07958
20 0.08039
21 0.08566
21 0.08564
16 0.07832
20 0.08034
16 0.07933
20 0.08222
16 0.07853
20 0.08122
16 0.07866
20 0.08051
16 0.07834
20 0.08086
21 0.08553
16 0.07815
20 0.08041
21 0.08711
16 0.07813
20 0.082
21 0.08557
21 0.08568
16 0.07889
20 0.0814
21 0.08541
21 0.09102
16 0.08597
20 0.08284
21 0.08792
21 0.08595
14 0.07782
14 0.07688
19 0.08269
14 0.08077
19 0.08427
21 0.0845
14 0.07951
19 0.08937
21 0.09132
14 0.08367
19 0.08828
21 0.08367
14 0.07702
19 0.09218
21 0.08598
14 0.07743
19 0.08176
21 0.0839
19 0.08171
14 0.07733
19 0.08161
21 0.08328
19 0.08333
21 0.08332
14 0.07695
19 0.08153
21 0.08407
19 0.08206
21 0.08438
14 0.07693
19 0.08377
21 0.09115
19 0.08146
21 0.08384
14 0.07689
19 0.08136
21 0.08472
19 0.08194
21 0.08428
16 0.07818
16 0.07804
21 0.08411
16 0.07844
21 0.08311
23 0.08546
16 0.07832
21 0.08451
23 0.08672
16 0.07846
21 0.08578
23 0.08551
16 0.08758
21 0.08405
23 0.08943
16 0.07871
21 0.08456
23 0.08524
21 0.08338
16 0.07838
21 0.0839
23 0.09241
21 0.11596
23 0.08796
16 0.0793
21 0.08401
23 0.08653
21 0.08335
23 0.08609
16 0.07843
21 0.08354
23 0.08647
21 0.08366
23 0.08592
16 0.07892
21 0.08335
23 0.0852
21 0.08434
23 0.08577
16 0.07922
16 0.07934
21 0.08321
16 0.07836
21 0.0842
23 0.08839
16 0.07957
21 0.0841
23 0.08642
16 0.07836
21 0.08314
23 0.0851
16 0.07893
21 0.08417
23 0.08865
16 0.0782
21 0.08401
23 0.08553
21 0.08354
16 0.07831
21 0.0839
23 0.0864
21 0.08608
23 0.08606
16 0.08727
21 0.08441
23 0.08706
21 0.08408
23 0.08815
16 0.0789
21 0.0851
23 0.08594
21 0.08405
23 0.08622
16 0.07834
21 0.08446
23 0.08589
21 0.08353
23 0.08571
16 0.08217
20 0.08196
16 0.07833
20 0.08042
16 0.07815
20 0.08245
16 0.07907
20 0.08173
16 0.0785
20 0.08086
21 0.08537
16 0.07993
20 0.08055
21 0.08596
16 0.07857
20 0.08033
21 0.08562
21 0.08546
16 0.07852
20 0.08046
21 0.0866
21 0.08594
16 0.07921
20 0.0807
21 0.0858
21 0.08585
16 0.07821
16 0.07912
21 0.08359
16 0.0795
21 0.08369
23 0.08601
16 0.07857
21 0.08382
23 0.08576
16 0.07884
21 0.08368
23 0.08557
16 0.07891
21 0.08399
23 0.08614
16 0.07832
21 0.08358
23 0.08562
21 0.08461
16 0.07807
21 0.08441
23 0.08644
21 0.08456
23 0.08626
16 0.07841
21 0.08362
23 0.08577
21 0.08429
23 0.08827
16 0.08075
21 0.08421
23 0.08741
21 0.08407
23 0.08634
16 0.07839
21 0.08376
23 0.08848
21 0.08591
23 0.08893
16 0.07961
20 0.0804
16 0.07854
20 0.08118
16 0.07844
20 0.0807
16 0.07855
20 0.08063
16 0.08348
20 0.0809
21 0.08617
16 0.07838
20 0.08022
21 0.08531
16 0.07902
20 0.08027
21 0.08591
21 0.08641
16 0.07832
20 0.08035
21 0.08538
21 0.08597
16 0.07988
20 0.08134
21 0.08527
21 0.08705
14 0.07857
18 0.07961
14 0.0773
18 0.07938
14 0.07796
18 0.07902
14 0.07713
18 0.07944
14 0.07784
18 0.07995
19 0.08421
14 0.07713
18 0.07923
19 0.08356
14 0.07808
18 0.07915
19 0.08347
19 0.08627
14 0.07751
18 0.07904
19 0.08373
19 0.08431
14 0.07718
18 0.07973
19 0.0838
19 0.08378
16 0.07887
20 0.08161
16 0.07862
20 0.08199
16 0.07807
20 0.08014
16 0.08094
20 0.08091
16 0.07884
20 0.08032
21 0.08541
16 0.07861
20 0.08026
21 0.08559
16 0.09102
20 0.09523
21 0.0884
21 0.08714
16 0.08
20 0.08081
21 0.08644
21 0.08577
16 0.07789
20 0.08112
21 0.08841
21 0.09034
16 0.08295
16 0.07915
21 0.08382
16 0.07816
21 0.08326
23 0.08544
16 0.07989
21 0.0853
23 0.08578
16 0.07891
21 0.08322
23 0.08519
16 0.07934
21 0.08387
23 0.08801
16 0.07823
21 0.08314
23 0.09411
21 0.08383
16 0.07869
21 0.08367
23 0.08569
21 0.08419
23 0.08623
16 0.07871
21 0.08342
23 0.08566
21 0.08352
23 0.08625
16 0.07829
21 0.08318
23 0.08538
21 0.08396
23 0.08644
16 0.07833
21 0.08349
23 0.08559
21 0.08561
23 0.08558
16 0.0779
20 0.08087
16 0.078
20 0.08096
16 0.07812
20 0.08026
16 0.0786
20 0.07999
16 0.0782
20 0.08048
21 0.08517
16 0.07813
20 0.08077
21 0.08543
16 0.07785
20 0.08097
21 0.08584
21 0.08543
16 0.07837
20 0.08119
21 0.08622
21 0.08556
16 0.0784
20 0.08019
21 0.08589
21 0.08531
16 0.0781
20 0.08008
16 0.07821
20 0.08134
16 0.07919
20 0.08216
16 0.07886
20 0.08059
16 0.07806
20 0.0805
21 0.08566
16 0.07954
20 0.08043
21 0.08578
16 0.0782
20 0.08199
21 0.09171
21 0.08575
16 0.07805
20 0.08052
21 0.08677
21 0.08975
16 0.07872
20 0.08224
21 0.08588
21 0.08526
14 0.07742
18 0.07886
14 0.07685
18 0.07973
14 0.0787
18 0.07985
14 0.07749
18 0.07931
14 0.07746
18 0.07938
19 0.08399
14 0.07857
18 0.0793
19 0.08383
14 0.07951
18 0.08036
19 0.08463
19 0.08394
14 0.08017
18 0.08655
19 0.09152
19 0.09091
14 0.07736
18 0.07986
19 0.08409
19 0.08424
16 0.07884
20 0.07997
16 0.0785
20 0.08064
16 0.07842
20 0.08013
16 0.07966
20 0.08058
16 0.07939
20 0.08248
21 0.08579
16 0.07832
20 0.08052
21 0.08526
16 0.07845
20 0.08067
21 0.0859
21 0.08531
16 0.07847
20 0.08262
21 0.08551
21 0.0856
16 0.0812
20 0.08017
21 0.08575
21 0.08527
16 0.07861
16 0.07843
21 0.08412
16 0.07845
21 0.08419
23 0.08721
16 0.07871
21 0.08328
23 0.08629
16 0.07841
21 0.0833
23 0.08548
16 0.0782
21 0.08429
23 0.08557
16 0.07806
21 0.0843
23 0.08561
21 0.08373
16 0.07821
21 0.08378
23 0.08546
21 0.08709
23 0.08762
16 0.07898
21 0.08473
23 0.08572
21 0.08395
23 0.08572
16 0.07984
21 0.12548
23 0.1116
21 0.08926
23 0.08806
16 0.07943
21 0.08463
23 0.08618
21 0.08397
23 0.09305
16 0.08527
20 0.083
16 0.07846
20 0.0807
16 0.07894
20 0.08049
16 0.07862
20 0.0805
16 0.07827
20 0.08352
21 0.09158
16 0.08013
20 0.08178
21 0.08567
16 0.07858
20 0.08162
21 0.08592
21 0.08541
16 0.08579
20 0.0875
21 0.0853
21 0.08694
16 0.07878
20 0.08059
21 0.08573
21 0.08619
16 0.07851
20 0.08052
16 0.0802
20 0.08086
16 0.07919
20 0.08149
16 0.07876
20 0.08116
16 0.07884
20 0.08108
21 0.08634
16 0.07822
20 0.08082
21 0.08568
16 0.0787
20 0.08157
21 0.08578
21 0.08658
16 0.07887
20 0.08062
21 0.09191
21 0.08716
16 0.07841
20 0.0812
21 0.08668
21 0.08571
12 0.07789
16 0.07933
12 0.0773
16 0.07871
12 0.07659
16 0.07843
12 0.07672
16 0.08017
12 0.0768
16 0.07927
17 0.08342
12 0.07668
16 0.07942
17 0.08346
12 0.07697
16 0.07916
17 0.08307
17 0.08337
12 0.07722
16 0.07928
17 0.08647
17 0.08459
12 0.07648
16 0.07838
17 0.08304
17 0.08864
14 0.09341
18 0.07983
14 0.07759
18 0.07881
14 0.07669
18 0.07875
14 0.07672
18 0.07971
14 0.07715
18 0.07936
19 0.08493
14 0.07668
18 0.07929
19 0.08326
14 0.07697
18 0.07926
19 0.08446
19 0.08338
14 0.08443
18 0.08404
19 0.08378
19 0.08385
14 0.07664
18 0.07874
19 0.08301
19 0.08416
16 0.07764
20 0.08055
16 0.07803
20 0.08021
16 0.07868
20 0.08023
16 0.078
20 0.08018
16 0.07816
20 0.08046
21 0.0853
16 0.07962
20 0.08068
21 0.08658
16 0.0781
20 0.08044
21 0.08597
21 0.08623
16 0.07815
20 0.08123
21 0.08523
21 0.08582
16 0.07824
20 0.08004
21 0.08551
21 0.08556
16 0.07833
16 0.07946
21 0.08401
16 0.07832
21 0.08478
23 0.08546
16 0.07893
21 0.08339
23 0.08566
16 0.07893
21 0.08376
23 0.08518
16 0.07891
21 0.08369
23 0.08526
16 0.07813
21 0.08516
23 0.08598
21 0.08331
16 0.07824
21 0.08703
23 0.091
21 0.0836
23 0.08561
16 0.0782
21 0.08398
23 0.0857
21 0.08323
23 0.08549
16 0.07958
21 0.08381
23 0.08666
21 0.08411
23 0.08554
16 0.07895
21 0.10133
23 0.08788
21 0.08759
23 0.08896
16 0.07841
20 0.07988
16 0.07826
20 0.08011
16 0.07977
20 0.0854
16 0.07928
20 0.08062
16 0.07811
20 0.08169
21 0.13053
16 0.08509
20 0.08467
21 0.08549
16 0.08
20 0.0813
21 0.08652
21 0.10969
16 0.0879
20 0.08319
21 0.0875
21 0.0893
16 0.08029
20 0.08411
21 0.08855
21 0.08857
16 0.09171
20 0.09221
16 0.07855
20 0.08164
16 0.07899
20 0.08059
16 0.08038
20 0.08026
16 0.07955
20 0.08068
21 0.08714
16 0.07933
20 0.0805
21 0.08523
16 0.07831
20 0.08043
21 0.08616
21 0.08541
16 0.07802
20 0.08048
21 0.08592
21 0.08556
16 0.07919
20 0.08021
21 0.08578
21 0.08535
14 0.07776
14 0.07714
19 0.08207
14 0.07736
19 0.08193
21 0.08432
14 0.08011
19 0.0828
21 0.08456
14 0.07732
19 0.0824
21 0.08429
14 0.07706
19 0.08138
21 0.08439
14 0.07699
19 0.08233
21 0.08355
19 0.08182
14 0.07668
19 0.08231
21 0.08364
19 0.08263
21 0.08425
14 0.07807
19 0.08364
21 0.085
19 0.08211
21 0.08359
14 0.07717
19 0.08629
21 0.08449
19 0.08168
21 0.08784
14 0.07676
19 0.08541
21 0.0842
19 0.08176
21 0.08393
16 0.07858
16 0.07975
21 0.08303
16 0.07836
21 0.08359
23 0.08605
16 0.07853
21 0.08316
23 0.08691
16 0.07867
21 0.08355
23 0.08931
16 0.07957
21 0.08433
23 0.08564
16 0.078
21 0.08514
23 0.08644
21 0.08365
16 0.07948
21 0.08357
23 0.08534
21 0.08361
23 0.08659
16 0.07889
21 0.0838
23 0.08644
21 0.08335
23 0.0854
16 0.07929
21 0.08603
23 0.08691
21 0.08578
23 0.08717
16 0.07819
21 0.08312
23 0.08672
21 0.08394
23 0.08552
16 0.07924
16 0.0793
21 0.08446
16 0.0782
21 0.08514
23 0.08595
16 0.07877
21 0.08558
23 0.08687
16 0.07847
21 0.08448
23 0.08527
16 0.07867
21 0.08326
23 0.0865
16 0.07852
21 0.0842
23 0.08572
21 0.08391
16 0.07846
21 0.08412
23 0.0856
21 0.08356
23 0.08793
16 0.07888
21 0.08484
23 0.0857
21 0.084
23 0.08568
16 0.07827
21 0.08341
23 0.08554
21 0.08423
23 0.08551
16 0.07834
21 0.08464
23 0.08663
21 0.08357
23 0.08684
16 0.07814
20 0.08
16 0.07895
20 0.08414
16 0.07834
20 0.0893
16 0.08206
20 0.08177
16 0.07832
20 0.08033
21 0.08581
16 0.0796
20 0.08047
21 0.09337
16 0.07852
20 0.08119
21 0.08551
21 0.08596
16 0.07868
20 0.08112
21 0.0856
21 0.08634
16 0.07873
20 0.08101
21 0.08493
21 0.08752
16 0.07916
16 0.07848
21 0.0842
16 0.10248
21 0.08667
23 0.08613
16 0.08012
21 0.08416
23 0.0861
16 0.07831
21 0.08432
23 0.08565
16 0.07982
21 0.08552
23 0.08941
16 0.08042
21 0.0836
23 0.08574
21 0.0834
16 0.07867
21 0.08457
23 0.08657
21 0.08358
23 0.08621
16 0.0786
21 0.08568
23 0.09615
21 0.08364
23 0.08661
16 0.07891
21 0.08378
23 0.08553
21 0.08397
23 0.08634
16 0.07873
21 0.0847
23 0.08587
21 0.08481
23 0.08657
16 0.07874
20 0.08022
16 0.07847
20 0.08028
16 0.07821
20 0.08082
16 0.07998
20 0.08075
16 0.07839
20 0.08111
21 0.08615
16 0.07902
20 0.08034
21 0.08577
16 0.07815
20 0.08126
21 0.08535
21 0.0855
16 0.07911
20 0.08091
21 0.08576
21 0.08567
16 0.07844
20 0.08047
21 0.09715
21 0.08729
14 0.07782
18 0.0854
14 0.07742
18 0.07923
14 0.07691
18 0.07885
14 0.07809
18 0.08433
14 0.0769
18 0.07916
19 0.08413
14 0.07783
18 0.0791
19 0.08388
14 0.07715
18 0.07995
19 0.084
19 0.08389
14 0.07717
18 0.08476
19 0.08342
19 0.08453
14 0.07711
18 0.07891
19 0.08487
19 0.08447
16 0.07789
20 0.08009
16 0.07856
20 0.08017
16 0.07801
20 0.08039
16 0.078
20 0.0811
16 0.07829
20 0.08107
21 0.08712
16 0.07812
20 0.08204
21 0.08611
16 0.07796
20 0.08142
21 0.08535
21 0.08586
16 0.07849
20 0.08058
21 0.08556
21 0.08674
16 0.07823
20 0.0965
21 0.08734
21 0.09087
16 0.07973
16 0.07868
21 0.0853
16 0.08041
21 0.08409
23 0.08645
16 0.07915
21 0.08344
23 0.08656
16 0.07862
21 0.08391
23 0.08748
16 0.07853
21 0.08349
23 0.08686
16 0.07903
21 0.08344
23 0.08594
21 0.08369
16 0.07877
21 0.08464
23 0.08563
21 0.08346
23 0.08597
16 0.07884
21 0.08352
23 0.08579
21 0.0835
23 0.08677
16 0.07881
21 0.08347
23 0.08572
21 0.08409
23 0.08584
16 0.08081
21 0.08392
23 0.09968
21 0.08484
23 0.08722
16 0.08024
20 0.08094
16 0.07828
20 0.08159
16 0.07983
20 0.08729
16 0.0787
20 0.08042
16 0.07859
20 0.08076
21 0.08626
16 0.07934
20 0.08069
21 0.08548
16 0.08197
20 0.08128
21 0.0865
21 0.08578
16 0.0787
20 0.08061
21 0.08645
21 0.08622
16 0.0787
20 0.08069
21 0.08595
21 0.08542
16 0.08226
20 0.08597
16 0.0788
20 0.08152
16 0.07816
20 0.08061
16 0.09103
20 0.08455
16 0.09872
20 0.08495
21 0.09783
16 0.07961
20 0.08274
21 0.08589
16 0.0794
20 0.08679
21 0.08809
21 0.08619
16 0.07888
20 0.08058
21 0.0863
21 0.08705
16 0.07838
20 0.08084
21 0.08693
21 0.08628
14 0.07994
18 0.07938
14 0.07819
18 0.07952
14 0.0777
18 0.0792
14 0.08349
18 0.07959
14 0.07687
18 0.07928
19 0.08528
14 0.0772
18 0.07952
19 0.08408
14 0.07761
18 0.07999
19 0.0837
19 0.09191
14 0.07713
18 0.07992
19 0.08405
19 0.08414
14 0.078
18 0.07967
19 0.08435
19 0.08423
16 0.07778
20 0.07991
16 0.08503
20 0.08186
16 0.08576
20 0.08297
16 0.0783
20 0.08151
16 0.07853
20 0.08039
21 0.08605
16 0.07831
20 0.08688
21 0.086
16 0.07894
20 0.08143
21 0.08527
21 0.08533
16 0.07798
20 0.08118
21 0.08532
21 0.09776
16 0.07957
20 0.08026
21 0.08662
21 0.08528
16 0.07793
16 0.07852
21 0.08406
16 0.07845
21 0.08478
23 0.08634
16 0.07899
21 0.08352
23 0.08794
16 0.07819
21 0.08424
23 0.08508
16 0.08056
21 0.08494
23 0.08532
16 0.07988
21 0.08365
23 0.08572
21 0.08353
16 0.0787
21 0.08351
23 0.08701
21 0.08325
23 0.08619
16 0.07917
21 0.08352
23 0.08691
21 0.0843
23 0.08655
16 0.0807
21 0.08481
23 0.0857
21 0.08662
23 0.08587
16 0.07821
21 0.08424
23 0.08547
21 0.08344
23 0.08595
16 0.0783
20 0.08037
16 0.08188
20 0.08655
16 0.08611
20 0.08093
16 0.07923
20 0.08059
16 0.07826
20 0.0818
21 0.08582
16 0.07891
20 0.08042
21 0.08528
16 0.07832
20 0.08191
21 0.08549
21 0.08552
16 0.07983
20 0.08088
21 0.08493
21 0.08647
16 0.07796
20 0.08017
21 0.09093
21 0.08672
16 0.07821
20 0.08255
16 0.07851
20 0.08026
16 0.0781
20 0.0801
16 0.07826
20 0.0858
16 0.07823
20 0.08205
21 0.08584
16 0.07911
20 0.08056
21 0.08547
16 0.07812
20 0.08128
21 0.08545
21 0.08836
16 0.07846
20 0.08065
21 0.08569
21 0.08648
16 0.07845
20 0.08047
21 0.08635
21 0.08526
