10 0.10525
11 0.08894
9 0.0804
10 0.07587
11 0.07787
9 0.07056
10 0.07537
11 0.07561
10 0.07674
9 0.07114
10 0.07481
11 0.08517
10 0.07682
10 0.07578
12 0.08496
12 0.07699
15 0.07924
12 0.07714
15 0.08045
12 0.07769
15 0.0795
12 0.07669
15 0.07957
13 0.07951
14 0.08781
14 0.0771
17 0.07974
14 0.07782
17 0.08058
14 0.07806
17 0.07992
14 0.07749
17 0.07989
15 0.08027
16 0.09381
16 0.07971
19 0.0817
16 0.07946
19 0.0818
16 0.07888
19 0.08262
16 0.08022
19 0.08235
17 0.08142
12 0.07811
12 0.07773
15 0.08214
12 0.14683
15 0.14896
12 0.14832
15 0.10095
12 0.08327
15 0.0794
13 0.11507
14 0.07765
14 0.0779
17 0.07957
14 0.07826
17 0.08086
14 0.07673
17 0.07993
14 0.07669
17 0.07921
15 0.08037
16 0.07874
16 0.07875
19 0.08251
16 0.07976
19 0.08218
16 0.07941
19 0.08203
16 0.08003
19 0.0822
17 0.0818
14 0.07787
14 0.07767
17 0.08004
14 0.07943
17 0.08165
14 0.07747
17 0.08097
14 0.07842
17 0.07993
15 0.08054
16 0.07983
16 0.07999
19 0.08268
16 0.07907
19 0.08237
16 0.08031
19 0.08212
16 0.07919
19 0.08278
17 0.08199
16 0.0795
16 0.08031
19 0.08197
16 0.07915
19 0.09589
16 0.08093
19 0.08238
16 0.07907
19 0.08197
17 0.08226
16 0.08014
16 0.07968
19 0.08252
16 0.07997
19 0.08265
16 0.08092
19 0.08233
16 0.07929
19 0.08295
17 0.08474
14 0.07966
14 0.07861
17 0.08048
14 0.07785
17 0.08088
14 0.07768
17 0.08064
14 0.07952
17 0.0802
15 0.07982
16 0.0795
16 0.07987
19 0.08282
16 0.08045
19 0.08469
16 0.08021
19 0.08435
16 0.07928
19 0.08294
17 0.08294
16 0.08019
16 0.08026
19 0.08823
16 0.08117
19 0.08255
16 0.07978
19 0.08235
16 0.08034
19 0.08275
17 0.0817
16 0.07947
16 0.08011
19 0.1432
16 0.08305
19 0.08288
16 0.0793
19 0.08334
16 0.07941
19 0.08224
17 0.08692
12 0.08033
12 0.07739
15 0.08184
12 0.07704
15 0.07952
12 0.0774
15 0.08024
12 0.08222
15 0.08078
13 0.08171
14 0.07779
14 0.07812
17 0.07982
14 0.0779
17 0.08132
14 0.07783
17 0.08072
14 0.07738
17 0.08016
15 0.07958
16 0.07913
16 0.07886
19 0.08121
16 0.07966
19 0.08225
16 0.07928
19 0.08196
16 0.07925
19 0.08187
17 0.08178
14 0.07748
14 0.07774
17 0.08056
14 0.07754
17 0.08072
14 0.07836
17 0.07954
14 0.07761
17 0.08015
15 0.07944
16 0.07984
16 0.07922
19 0.09501
16 0.08048
19 0.08235
16 0.07931
19 0.08261
16 0.07891
19 0.08153
17 0.08208
16 0.07921
16 0.0797
19 0.08256
16 0.07924
19 0.09221
16 0.07962
19 0.08204
16 0.08023
19 0.08316
17 0.08188
16 0.08103
16 0.0807
19 0.08202
16 0.08091
19 0.08241
16 0.07997
19 0.08285
16 0.07923
19 0.08213
17 0.0824
14 0.07827
14 0.07766
17 0.0811
14 0.07837
17 0.0803
14 0.07798
17 0.08043
14 0.0784
17 0.08107
15 0.08003
16 0.07928
16 0.07995
19 0.0817
16 0.08077
19 0.08364
16 0.07905
19 0.08176
16 0.07988
19 0.08169
17 0.08122
16 0.07956
16 0.08005
19 0.09483
16 0.07921
19 0.08194
16 0.0804
19 0.08257
16 0.0822
19 0.08206
17 0.08266
16 0.07939
16 0.07951
19 0.08204
16 0.07921
19 0.08229
16 0.07927
19 0.08258
16 0.07984
19 0.08185
17 0.08161
12 0.079
12 0.07747
15 0.0795
12 0.07762
15 0.07964
12 0.07713
15 0.07998
12 0.07732
15 0.07996
13 0.0802
14 0.07778
14 0.07867
17 0.08072
14 0.07745
17 0.08812
14 0.07773
17 0.07967
14 0.07879
17 0.08215
15 0.08014
16 0.07934
16 0.08025
19 0.08359
16 0.07911
19 0.08296
16 0.07918
19 0.08178
16 0.07928
19 0.082
17 0.08148
14 0.07939
14 0.07723
17 0.08792
14 0.07778
17 0.08003
14 0.07841
17 0.08073
14 0.07742
17 0.08068
15 0.08085
16 0.07933
16 0.07963
19 0.08262
16 0.0792
19 0.08273
16 0.07972
19 0.0825
16 0.08069
19 0.08233
17 0.0816
16 0.08017
16 0.07949
19 0.08189
16 0.07958
19 0.08253
16 0.07976
19 0.08286
16 0.07914
19 0.08284
17 0.08275
16 0.07921
16 0.07938
19 0.08278
16 0.08008
19 0.08229
16 0.07935
19 0.0862
16 0.07963
19 0.08257
17 0.08207
14 0.07782
14 0.0777
17 0.08373
14 0.07815
17 0.08097
14 0.0777
17 0.08091
14 0.07781
17 0.0807
15 0.08156
16 0.0795
16 0.08308
19 0.08693
16 0.07924
19 0.08216
16 0.08013
19 0.08215
16 0.07949
19 0.08277
17 0.08159
16 0.0796
16 0.08045
19 0.08188
16 0.07989
19 0.08323
16 0.12424
19 0.10153
16 0.08382
19 0.08247
17 0.08214
16 0.08058
16 0.08064
19 0.08299
16 0.0878
19 0.0824
16 0.08087
19 0.08277
16 0.07947
19 0.08313
17 0.08234
12 0.07866
12 0.08859
15 0.08054
12 0.07771
15 0.08057
12 0.07737
15 0.07987
12 0.08036
15 0.08057
13 0.08788
14 0.07921
14 0.07901
17 0.08142
14 0.08841
17 0.0991
14 0.07857
17 0.08148
14 0.0799
17 0.08339
15 0.0804
16 0.08532
16 0.08219
19 0.08212
16 0.07915
19 0.08335
16 0.07904
19 0.08204
16 0.07981
19 0.0818
17 0.08119
14 0.07881
14 0.07752
17 0.07985
14 0.07793
17 0.08026
14 0.07787
17 0.08144
14 0.0776
17 0.08079
15 0.08069
16 0.07989
16 0.07913
19 0.0823
16 0.07899
19 0.0823
16 0.08134
19 0.08228
16 0.07956
19 0.08197
17 0.08163
16 0.0792
16 0.11331
19 0.08246
16 0.08447
19 0.08313
16 0.08013
19 0.08351
16 0.07966
19 0.0824
17 0.08322
16 0.07966
16 0.08008
19 0.08357
16 0.07962
19 0.08571
16 0.08028
19 0.08324
16 0.08155
19 0.08399
17 0.09553
14 0.08072
14 0.07804
17 0.08042
14 0.07912
17 0.081
14 0.0796
17 0.0817
14 0.07845
17 0.08026
15 0.08099
16 0.07966
16 0.08009
19 0.08279
16 0.07919
19 0.08175
16 0.07986
19 0.08247
16 0.07939
19 0.08224
17 0.08161
16 0.07928
16 0.07961
19 0.08196
16 0.07949
19 0.08259
16 0.07921
19 0.08211
16 0.07958
19 0.0823
17 0.0818
16 0.08061
16 0.07923
19 0.08264
16 0.08073
19 0.08227
16 0.08002
19 0.08227
16 0.08038
19 0.08303
17 0.08176
