7 0.0792
7 0.07589
7 0.07416
13 0.13349
11 0.12513
7 0.10212
13 0.08215
11 0.07726
10 0.07394
7 0.07567
13 0.07971
11 0.07778
10 0.07705
7 0.07353
13 0.0788
11 0.07642
10 0.07519
10 0.07305
7 0.07608
13 0.07587
11 0.07457
10 0.07445
10 0.07326
7 0.0718
13 0.07573
11 0.07466
10 0.07392
10 0.073
7 0.08075
7 0.07271
7 0.07313
7 0.07174
13 0.074
11 0.07489
7 0.07193
13 0.07385
11 0.07472
10 0.07242
7 0.07203
13 0.08294
11 0.0745
10 0.07345
7 0.07105
13 0.07549
11 0.07377
10 0.07696
10 0.07262
7 0.07146
13 0.07502
11 0.07391
10 0.07362
10 0.07991
7 0.07747
13 0.09078
11 0.0747
10 0.0752
10 0.07236
7 0.0828
7 0.07269
7 0.07209
7 0.07199
13 0.0738
11 0.07531
7 0.07253
13 0.07406
11 0.07491
10 0.07247
7 0.07147
13 0.07511
11 0.07398
10 0.07298
7 0.07144
13 0.07368
11 0.07332
10 0.07386
10 0.07205
7 0.07093
13 0.07529
11 0.07378
10 0.07341
10 0.07246
7 0.07118
13 0.07588
11 0.07437
10 0.07417
10 0.07234
7 0.08378
7 0.07475
7 0.07301
7 0.07269
13 0.07444
11 0.07598
7 0.07303
13 0.07474
11 0.07423
10 0.07332
7 0.074
13 0.07448
11 0.07661
10 0.09016
7 0.07907
13 0.07495
11 0.07429
10 0.07424
10 0.07279
7 0.07206
13 0.07528
11 0.07427
10 0.0737
10 0.07268
7 0.07185
13 0.08065
11 0.07803
10 0.07547
10 0.07319
7 0.0757
7 0.07325
7 0.07253
7 0.07318
13 0.07477
11 0.07538
7 0.07239
13 0.07442
11 0.07519
10 0.07292
7 0.07196
13 0.07457
11 0.07473
10 0.07289
7 0.07268
13 0.07678
11 0.07452
10 0.0752
10 0.07338
7 0.0716
13 0.07944
11 0.07467
10 0.07552
10 0.07434
7 0.0717
13 0.07658
11 0.07436
10 0.07467
10 0.07424
7 0.07356
7 0.07414
7 0.07335
7 0.09792
13 0.08292
11 0.07667
7 0.07383
13 0.0746
11 0.07732
10 0.07307
7 0.07184
13 0.07558
11 0.07435
10 0.07414
7 0.07243
13 0.07498
11 0.07681
10 0.07378
10 0.07254
7 0.07128
13 0.07642
11 0.07408
10 0.07417
10 0.07281
7 0.07134
13 0.08116
11 0.0759
10 0.07467
10 0.07301
7 0.07261
7 0.07381
7 0.07294
7 0.07373
13 0.07501
11 0.07573
7 0.07354
13 0.07484
11 0.07536
10 0.07321
7 0.072
13 0.07527
11 0.07466
10 0.07296
7 0.07133
13 0.07606
11 0.07433
10 0.07414
10 0.07289
7 0.07152
13 0.07656
11 0.07448
10 0.074
10 0.07466
7 0.07718
13 0.08186
11 0.07484
10 0.07482
10 0.07303
7 0.07413
7 0.07531
7 0.07509
7 0.0742
13 0.0743
11 0.07811
7 0.07341
13 0.0751
11 0.07612
10 0.07337
7 0.07495
13 0.07624
11 0.07478
10 0.07431
7 0.07265
13 0.07488
11 0.07489
10 0.07404
10 0.07336
7 0.07168
13 0.07674
11 0.07503
10 0.07464
10 0.07282
7 0.07774
13 0.08467
11 0.07626
10 0.07721
10 0.07322
7 0.07326
7 0.07506
7 0.07272
7 0.0722
13 0.07401
11 0.07551
7 0.08219
13 0.07471
11 0.07943
10 0.07289
7 0.07113
13 0.07528
11 0.07583
10 0.12119
7 0.07154
13 0.07515
11 0.07389
10 0.0732
10 0.07226
7 0.07719
13 0.07474
11 0.07618
10 0.07272
10 0.07692
7 0.07145
13 0.07419
11 0.07566
10 0.07248
10 0.07409
7 0.07186
7 0.07139
7 0.0716
7 0.07191
13 0.07812
11 0.07441
7 0.07356
13 0.07964
11 0.07467
10 0.07604
7 0.07384
13 0.0744
11 0.07725
10 0.07281
7 0.0716
13 0.07692
11 0.07446
10 0.07486
10 0.07307
7 0.07163
13 0.07612
11 0.07447
10 0.07436
10 0.07343
7 0.08888
13 0.07589
11 0.07768
10 0.07328
10 0.07463
7 0.07173
7 0.07308
7 0.08165
7 0.0745
13 0.08075
11 0.07775
7 0.07349
13 0.0746
11 0.07684
10 0.07339
7 0.0719
13 0.07577
11 0.07466
10 0.07295
7 0.07158
13 0.07732
11 0.07454
10 0.07488
10 0.07378
7 0.07218
13 0.07657
11 0.07497
10 0.07475
10 0.07329
7 0.07217
13 0.07609
11 0.07488
10 0.07449
10 0.07388
7 0.07444
7 0.07338
7 0.07359
7 0.07326
13 0.07486
11 0.07618
7 0.07331
13 0.07504
11 0.07804
10 0.07438
7 0.07238
13 0.07479
11 0.07484
10 0.07305
7 0.0719
13 0.08655
11 0.07527
10 0.07507
10 0.07333
7 0.07158
13 0.0762
11 0.09349
10 0.13561
10 0.12369
7 0.07855
13 0.07586
11 0.07663
10 0.07315
10 0.07492
7 0.07367
7 0.07384
7 0.07442
7 0.0741
13 0.07505
11 0.07664
7 0.07358
13 0.07616
11 0.07483
10 0.07453
7 0.07432
13 0.07455
11 0.07711
10 0.07334
7 0.07184
13 0.07679
11 0.07487
10 0.0763
10 0.07334
7 0.07175
13 0.07695
11 0.07503
10 0.07525
10 0.07327
7 0.07201
13 0.07596
11 0.07482
10 0.07277
10 0.07623
7 0.07367
7 0.07233
7 0.07234
7 0.07259
13 0.07554
11 0.07475
7 0.07171
13 0.07812
11 0.07451
10 0.09713
7 0.13335
13 0.10317
11 0.07768
10 0.0748
7 0.07211
13 0.07647
11 0.07631
10 0.07286
10 0.07493
7 0.07506
13 0.07484
11 0.07662
10 0.07639
10 0.07492
7 0.07538
13 0.07629
11 0.07761
10 0.07364
10 0.0745
7 0.07168
7 0.07113
7 0.07101
7 0.07115
13 0.0755
11 0.07408
7 0.07296
13 0.07599
11 0.0742
10 0.07374
7 0.07261
13 0.07459
11 0.07505
10 0.07677
7 0.07157
13 0.07709
11 0.0758
10 0.07344
10 0.07279
7 0.07249
13 0.0741
11 0.07717
10 0.07292
10 0.07738
7 0.07222
13 0.07429
11 0.07612
10 0.07291
10 0.07357
7 0.07215
7 0.11126
7 0.07218
7 0.07246
13 0.08147
11 0.07522
7 0.07233
13 0.07444
11 0.07506
10 0.0729
7 0.07215
13 0.07793
11 0.07497
10 0.07276
7 0.07154
13 0.07686
11 0.07441
10 0.07381
10 0.07265
7 0.07141
13 0.07557
11 0.08225
10 0.07471
10 0.07502
7 0.07173
13 0.07513
11 0.07567
10 0.07378
10 0.07284
7 0.07367
7 0.07318
7 0.07261
7 0.07255
13 0.07468
11 0.07484
7 0.07242
13 0.07486
11 0.07441
10 0.07404
7 0.07314
13 0.07659
11 0.07655
10 0.07301
7 0.07219
13 0.07688
11 0.07482
10 0.07412
10 0.07309
7 0.08888
13 0.08668
11 0.07558
10 0.07514
10 0.07323
7 0.07204
13 0.07626
11 0.07542
10 0.07376
10 0.07316
7 0.07276
7 0.08049
7 0.07751
7 0.07583
13 0.07751
11 0.07725
7 0.07385
13 0.07727
11 0.07685
10 0.07307
7 0.07242
13 0.0762
11 0.07426
10 0.07443
7 0.07373
13 0.07649
11 0.07622
10 0.07343
10 0.07278
7 0.07166
13 0.0764
11 0.08289
10 0.07595
10 0.0731
7 0.07204
13 0.07919
11 0.07481
10 0.07503
10 0.07334
7 0.07365
7 0.07392
7 0.07491
7 0.07298
13 0.07427
11 0.07633
7 0.07346
13 0.07442
11 0.08836
10 0.09018
7 0.07191
13 0.07794
11 0.07486
10 0.09597
7 0.07375
13 0.07694
11 0.07475
10 0.07497
10 0.07416
7 0.07384
13 0.1534
11 0.08654
10 0.0771
10 0.09973
7 0.11828
13 0.13521
11 0.1359
10 0.12568
10 0.08012
7 0.09352
7 0.09307
7 0.08156
7 0.07839
13 0.07623
11 0.07612
7 0.07352
13 0.07504
11 0.07583
10 0.11502
7 0.0731
13 0.08685
11 0.07524
10 0.07328
7 0.07434
13 0.07635
11 0.07505
10 0.0729
10 0.07628
7 0.07368
13 0.07423
11 0.09129
10 0.0904
10 0.07352
7 0.07344
13 0.07561
11 0.07636
10 0.07293
10 0.07633
7 0.07364
7 0.07397
7 0.07276
7 0.07313
13 0.07478
11 0.07476
7 0.07176
13 0.07565
11 0.0744
10 0.07568
7 0.07338
13 0.07435
11 0.07654
10 0.07293
7 0.07153
13 0.07536
11 0.07549
10 0.07391
10 0.07426
7 0.07174
13 0.0752
11 0.07455
10 0.07356
10 0.07265
7 0.07249
13 0.0745
11 0.07581
10 0.07269
10 0.07625
7 0.07217
7 0.0718
7 0.07152
7 0.07175
13 0.07802
11 0.07497
7 0.07147
13 0.07734
11 0.07572
10 0.07475
7 0.07573
13 0.09873
11 0.08415
10 0.07511
7 0.07673
13 0.07892
11 0.08354
10 0.07542
10 0.07356
7 0.07148
13 0.07498
11 0.07582
10 0.07434
10 0.07318
7 0.07163
13 0.0878
11 0.07523
10 0.07393
10 0.07425
7 0.07283
7 0.07265
7 0.0725
7 0.07261
13 0.07486
11 0.07522
7 0.07254
13 0.07618
11 0.07635
10 0.07346
7 0.07207
13 0.075
11 0.07672
10 0.07306
7 0.0715
13 0.07684
11 0.0744
10 0.07539
10 0.07513
7 0.07173
13 0.07674
11 0.07511
10 0.07509
10 0.0732
7 0.07199
13 0.07663
11 0.07487
10 0.07309
10 0.07588
7 0.07351
7 0.0742
7 0.1007
7 0.07215
13 0.07577
11 0.07487
7 0.07317
13 0.07479
11 0.07523
10 0.07333
7 0.07171
13 0.07742
11 0.0817
10 0.07642
7 0.07525
13 0.07501
11 0.07617
10 0.07435
10 0.07401
7 0.07276
13 0.07457
11 0.07534
10 0.07308
10 0.07432
7 0.07253
13 0.07572
11 0.07504
10 0.07479
10 0.07379
7 0.07263
7 0.07193
7 0.07209
7 0.07225
13 0.07557
11 0.07482
7 0.07597
13 0.07665
11 0.07662
10 0.07321
7 0.07157
13 0.07787
11 0.07442
10 0.07801
7 0.07421
13 0.07456
11 0.07733
10 0.07443
10 0.07519
7 0.07455
13 0.09316
11 0.0861
10 0.07471
10 0.07499
7 0.07552
13 0.07539
11 0.07881
10 0.07494
10 0.07461
7 0.07222
7 0.07277
7 0.07522
7 0.07164
13 0.07704
11 0.07543
7 0.07308
13 0.0772
11 0.07465
10 0.07531
7 0.07395
13 0.07487
11 0.08276
10 0.07596
7 0.07198
13 0.07603
11 0.07616
10 0.07477
10 0.07328
7 0.07224
13 0.07621
11 0.07444
10 0.07296
10 0.07375
7 0.07287
13 0.07462
11 0.07567
10 0.07422
10 0.07434
7 0.0721
7 0.07144
7 0.07139
7 0.072
13 0.07578
11 0.07399
7 0.07275
13 0.07569
11 0.07401
10 0.07453
7 0.08418
13 0.07545
11 0.07828
10 0.07311
7 0.07132
13 0.07648
11 0.07516
10 0.07527
10 0.0726
7 0.07158
13 0.07803
11 0.07413
10 0.07481
10 0.07554
7 0.07188
13 0.07905
11 0.07639
10 0.07513
10 0.07557
7 0.07466
7 0.07339
7 0.07372
7 0.07319
13 0.07452
11 0.07619
7 0.07441
13 0.07473
11 0.07636
10 0.07328
7 0.07212
13 0.07995
11 0.08363
10 0.07522
7 0.07276
13 0.0778
11 0.07623
10 0.07643
10 0.07318
7 0.07179
13 0.07686
11 0.07439
10 0.07503
10 0.07353
7 0.07232
13 0.07727
11 0.07603
10 0.07512
10 0.07325
7 0.07611
7 0.10079
7 0.07308
7 0.07207
13 0.07564
11 0.07576
7 0.07175
13 0.07566
11 0.07477
10 0.07417
7 0.07291
13 0.07485
11 0.0755
10 0.07314
7 0.07226
13 0.07625
11 0.07491
10 0.073
10 0.07435
7 0.07444
13 0.07493
11 0.07596
10 0.07337
10 0.07487
7 0.073
13 0.0758
11 0.0756
10 0.07319
10 0.07394
7 0.07196
7 0.07178
7 0.07217
7 0.07202
13 0.0755
11 0.0747
7 0.07183
13 0.07533
11 0.07461
10 0.07339
7 0.07191
13 0.0859
11 0.07566
10 0.07349
7 0.07228
13 0.07567
11 0.07573
10 0.09577
10 0.07534
7 0.07238
13 0.08123
11 0.07589
10 0.07464
10 0.07298
7 0.07386
13 0.07568
11 0.07522
10 0.07306
10 0.07373
7 0.07171
7 0.07141
7 0.07213
7 0.07234
13 0.07555
11 0.07547
7 0.07407
13 0.07652
11 0.07464
10 0.0743
7 0.07276
13 0.07486
11 0.07557
10 0.07344
7 0.07165
13 0.0784
11 0.07771
10 0.0773
10 0.08154
7 0.07189
13 0.07531
11 0.07455
10 0.07332
10 0.07437
7 0.07416
13 0.07599
11 0.08199
10 0.07399
10 0.07455
7 0.07185
7 0.07162
7 0.07269
7 0.07229
13 0.07661
11 0.07577
7 0.07179
13 0.08167
11 0.09385
10 0.08938
7 0.07997
13 0.07794
11 0.07639
10 0.07566
7 0.07439
13 0.07491
11 0.07649
10 0.07342
10 0.07526
7 0.07386
13 0.07541
11 0.0757
10 0.07568
10 0.07324
7 0.07329
13 0.07702
11 0.0748
10 0.07553
10 0.07368
7 0.07344
7 0.07228
7 0.07268
7 0.07375
13 0.0781
11 0.07486
7 0.07238
13 0.078
11 0.0778
10 0.0737
7 0.072
13 0.07756
11 0.0748
10 0.07556
7 0.07434
13 0.07485
11 0.07713
10 0.07325
10 0.0761
7 0.07496
13 0.07531
11 0.07757
10 0.07351
10 0.07496
7 0.07553
13 0.07513
11 0.07654
10 0.07467
10 0.09666
7 0.07913
7 0.07206
7 0.07123
7 0.07172
13 0.07509
11 0.07385
7 0.07109
13 0.08118
11 0.07649
10 0.08196
7 0.0744
13 0.0762
11 0.07585
10 0.07269
7 0.07114
13 0.07511
11 0.07407
10 0.07402
10 0.0726
7 0.07124
13 0.07426
11 0.0756
10 0.07245
10 0.0738
7 0.07252
13 0.07408
11 0.07502
10 0.07251
10 0.07328
7 0.07209
7 0.08657
7 0.07152
7 0.07202
13 0.07597
11 0.07444
7 0.07158
13 0.07583
11 0.07437
10 0.07377
7 0.074
13 0.07587
11 0.07636
10 0.07465
7 0.07161
13 0.07551
11 0.08051
10 0.13463
10 0.13457
7 0.07825
13 0.07623
11 0.07524
10 0.073
10 0.07426
7 0.07246
13 0.07453
11 0.07507
10 0.07351
10 0.07568
7 0.07197
7 0.07228
7 0.07187
7 0.072
13 0.07544
11 0.07473
7 0.07215
13 0.07529
11 0.0873
10 0.07446
7 0.07273
13 0.07484
11 0.07579
10 0.07323
7 0.07281
13 0.07441
11 0.07617
10 0.0743
10 0.07417
7 0.07294
13 0.07462
11 0.07609
10 0.07317
10 0.07494
7 0.07256
13 0.07477
11 0.09158
10 0.07357
10 0.07386
7 0.07176
7 0.07169
7 0.07215
7 0.07182
13 0.07555
11 0.07509
7 0.13232
13 0.0855
11 0.07581
10 0.07306
7 0.07184
13 0.07599
11 0.07457
10 0.074
7 0.07249
13 0.07468
11 0.07513
10 0.07618
10 0.07457
7 0.07221
13 0.0758
11 0.07504
10 0.07407
10 0.07276
7 0.07148
13 0.07582
11 0.07429
10 0.07374
10 0.0733
7 0.07402
7 0.07306
7 0.07348
7 0.07268
13 0.07507
11 0.07529
7 0.0726
13 0.07463
11 0.07504
10 0.0732
7 0.07666
13 0.07599
11 0.07574
10 0.07351
7 0.07144
13 0.07563
11 0.07416
10 0.084
10 0.07394
7 0.07813
13 0.07728
11 0.07938
10 0.07397
10 0.07294
7 0.07315
13 0.10303
11 0.08097
10 0.0803
10 0.07469
7 0.07219
7 0.0716
7 0.07177
7 0.07193
13 0.07701
11 0.07528
7 0.07211
13 0.07507
11 0.07487
10 0.073
7 0.07154
13 0.07692
11 0.07466
10 0.07511
7 0.07395
13 0.07453
11 0.07656
10 0.07309
10 0.07534
7 0.07389
13 0.07522
11 0.07771
10 0.07351
10 0.07521
7 0.07415
13 0.0748
11 0.07452
10 0.07493
10 0.07305
7 0.07215
7 0.0713
7 0.0713
7 0.07146
13 0.07632
11 0.07414
7 0.07157
13 0.07414
11 0.07518
10 0.07271
7 0.07122
13 0.07688
11 0.07414
10 0.07479
7 0.09005
13 0.08419
11 0.08124
10 0.07347
10 0.07445
7 0.0734
13 0.07419
11 0.0767
10 0.07251
10 0.07428
7 0.07328
13 0.07596
11 0.07864
10 0.07266
10 0.07436
7 0.07174
7 0.07198
7 0.07257
7 0.07196
13 0.07721
11 0.07549
7 0.07214
13 0.0767
11 0.0746
10 0.0729
7 0.07439
13 0.07529
11 0.07468
10 0.07506
7 0.07447
13 0.0745
11 0.07687
10 0.07302
10 0.07518
7 0.07502
13 0.07548
11 0.08472
10 0.0738
10 0.07533
7 0.07378
13 0.07484
11 0.07648
10 0.08026
10 0.07569
7 0.07201
7 0.07277
7 0.07209
7 0.07182
13 0.13531
11 0.12343
7 0.07358
13 0.07495
11 0.07787
10 0.07497
7 0.07236
13 0.07638
11 0.07973
10 0.07481
7 0.07317
13 0.07567
11 0.07614
10 0.07364
10 0.07403
7 0.07338
13 0.07513
11 0.07591
10 0.07322
10 0.07277
7 0.07203
13 0.0768
11 0.07473
10 0.07753
10 0.07355
7 0.07257
7 0.07444
7 0.07288
7 0.07321
13 0.07479
11 0.07633
7 0.07309
13 0.07462
11 0.07559
10 0.07325
7 0.07223
13 0.07563
11 0.07469
10 0.07407
7 0.07259
13 0.07481
11 0.07548
10 0.07315
10 0.07285
7 0.07177
13 0.07705
11 0.07479
10 0.07453
10 0.07387
7 0.13437
13 0.07752
11 0.07599
10 0.07334
10 0.07436
7 0.07191
7 0.07186
7 0.07181
7 0.07174
13 0.07674
11 0.0744
7 0.07258
13 0.07692
11 0.07484
10 0.07648
7 0.07433
13 0.07511
11 0.07719
10 0.07394
7 0.07238
13 0.07697
11 0.07462
10 0.07572
10 0.07353
7 0.07221
13 0.07771
11 0.07487
10 0.07509
10 0.0734
7 0.07202
13 0.07477
11 0.07657
10 0.07307
10 0.07679
7 0.07277
7 0.07187
7 0.07223
7 0.0716
13 0.08237
11 0.07507
7 0.072
13 0.07705
11 0.07471
10 0.07657
7 0.07416
13 0.07499
11 0.10259
10 0.13586
7 0.07954
13 0.07555
11 0.07613
10 0.07323
10 0.07604
7 0.07355
13 0.07479
11 0.07621
10 0.07414
10 0.07721
7 0.07364
13 0.07478
11 0.07621
10 0.07305
10 0.0746
7 0.07207
7 0.07125
7 0.0712
7 0.07138
13 0.07527
11 0.0745
7 0.07141
13 0.07497
11 0.07564
10 0.07311
7 0.07218
13 0.07453
11 0.07392
10 0.07338
7 0.07237
13 0.07423
11 0.07495
10 0.07268
10 0.07496
7 0.07352
13 0.07722
11 0.07699
10 0.07284
10 0.07466
7 0.07196
13 0.07461
11 0.07383
10 0.07306
10 0.07241
7 0.07365
7 0.0859
7 0.12629
7 0.0739
13 0.07499
11 0.07502
7 0.07215
13 0.07633
11 0.07438
10 0.07413
7 0.07299
13 0.07497
11 0.07595
10 0.07359
7 0.07239
13 0.07607
11 0.07545
10 0.07582
10 0.07328
7 0.07193
13 0.07679
11 0.07475
10 0.07516
10 0.07324
7 0.07193
13 0.07462
11 0.07821
10 0.07374
10 0.07576
7 0.07325
7 0.07187
7 0.07307
7 0.07173
13 0.07517
11 0.07484
7 0.07228
13 0.07793
11 0.07494
10 0.07483
7 0.07722
13 0.07681
11 0.08333
10 0.07461
7 0.07159
13 0.07713
11 0.07479
10 0.07611
10 0.07321
7 0.07184
13 0.08105
11 0.09123
10 0.08432
10 0.07452
7 0.07175
13 0.07748
11 0.07508
10 0.07697
10 0.0733
7 0.07383
7 0.07525
7 0.07394
7 0.07444
13 0.07489
11 0.07714
7 0.0761
13 0.07478
11 0.07731
10 0.07335
7 0.07232
13 0.07657
11 0.07468
10 0.07536
7 0.07412
13 0.07502
11 0.07671
10 0.07483
10 0.07532
7 0.07395
13 0.07474
11 0.07447
10 0.07478
10 0.07961
7 0.07188
13 0.07712
11 0.0749
10 0.07621
10 0.07334
7 0.07398
7 0.07453
7 0.0735
7 0.07258
13 0.07497
11 0.07668
7 0.0749
13 0.07534
11 0.07593
10 0.07328
7 0.09192
13 0.08767
11 0.07644
10 0.07555
7 0.07385
13 0.07447
11 0.07796
10 0.07342
10 0.07581
7 0.08
13 0.07613
11 0.0802
10 0.07716
10 0.07638
7 0.07431
13 0.07484
11 0.07694
10 0.07412
10 0.07648
7 0.07883
7 0.07203
7 0.07291
7 0.07189
13 0.07664
11 0.07539
7 0.07195
13 0.07676
11 0.07538
10 0.07514
7 0.07417
13 0.07484
11 0.07757
10 0.0737
7 0.07602
13 0.07703
11 0.08005
10 0.07539
10 0.07399
7 0.07238
13 0.07658
11 0.08417
10 0.07623
10 0.07359
7 0.07297
13 0.07495
11 0.07755
10 0.07334
10 0.07576
7 0.07428
7 0.08616
7 0.07495
7 0.07374
13 0.07458
11 0.0762
7 0.07367
13 0.07446
11 0.07618
10 0.07345
7 0.07167
13 0.077
11 0.07775
10 0.07499
7 0.07132
13 0.07668
11 0.0742
10 0.07508
10 0.07266
7 0.07125
13 0.07676
11 0.07713
10 0.07453
10 0.07347
7 0.07134
13 0.07615
11 0.07531
10 0.07472
10 0.0729
7 0.07443
7 0.07354
7 0.07363
7 0.07396
13 0.07482
11 0.07701
7 0.07427
13 0.07494
11 0.07659
10 0.07326
7 0.07229
13 0.07663
11 0.07502
10 0.07338
7 0.07183
13 0.07716
11 0.07482
10 0.07567
10 0.07317
7 0.09566
13 0.08849
11 0.07652
10 0.07978
10 0.08137
7 0.07175
13 0.07751
11 0.07484
10 0.0753
10 0.07319
7 0.07256
7 0.07236
7 0.07321
7 0.07459
13 0.07521
11 0.07752
7 0.07385
13 0.07478
11 0.07713
10 0.07357
7 0.07195
13 0.07716
11 0.07475
10 0.07587
7 0.07406
13 0.0758
11 0.07693
10 0.07328
10 0.0751
7 0.07388
13 0.07499
11 0.08427
10 0.07397
10 0.07546
7 0.07303
13 0.0761
11 0.07655
10 0.07373
10 0.07424
7 0.07359
7 0.07407
7 0.07253
7 0.07248
13 0.07664
11 0.07556
7 0.07203
13 0.07683
11 0.08418
10 0.09198
7 0.07549
13 0.07954
11 0.07759
10 0.07592
7 0.07275
13 0.07708
11 0.07533
10 0.07566
10 0.07353
7 0.0725
13 0.07667
11 0.07567
10 0.0737
10 0.07363
7 0.07414
13 0.07529
11 0.07702
10 0.07326
10 0.07565
7 0.07226
7 0.07153
7 0.07272
7 0.07195
13 0.07671
11 0.07523
7 0.07185
13 0.07695
11 0.07446
10 0.07527
7 0.07368
13 0.07462
11 0.07668
10 0.07316
7 0.07252
13 0.07663
11 0.07659
10 0.07944
10 0.07328
7 0.07201
13 0.07644
11 0.07469
10 0.07292
10 0.07569
7 0.08572
13 0.07556
11 0.07658
10 0.07358
10 0.07706
7 0.08851
7 0.07475
7 0.07459
7 0.07396
13 0.07555
11 0.12418
7 0.07988
13 0.07748
11 0.07519
10 0.07475
7 0.0734
13 0.07483
11 0.07455
10 0.0778
7 0.07334
13 0.07486
11 0.07646
10 0.07332
10 0.07516
7 0.07347
13 0.07451
11 0.07631
10 0.07346
10 0.07474
7 0.07346
13 0.07495
11 0.07641
10 0.07332
10 0.07422
7 0.07358
7 0.07183
7 0.07336
7 0.07261
13 0.07667
11 0.07452
7 0.07203
13 0.07595
11 0.07689
10 0.07516
7 0.07299
13 0.07561
11 0.07596
10 0.0741
7 0.07211
13 0.0749
11 0.07618
10 0.09719
10 0.08541
7 0.07234
13 0.07649
11 0.08112
10 0.07421
10 0.0765
7 0.07397
13 0.07566
11 0.07685
10 0.07358
10 0.0754
7 0.07283
7 0.07233
7 0.07189
7 0.07323
13 0.07657
11 0.07466
7 0.07214
13 0.08259
11 0.07505
10 0.07688
7 0.07299
13 0.07601
11 0.07576
10 0.07381
7 0.07215
13 0.07588
11 0.07488
10 0.07422
10 0.07297
7 0.07216
13 0.0755
11 0.07458
10 0.07408
10 0.07334
7 0.07205
13 0.0746
11 0.0763
10 0.07311
10 0.07401
7 0.07203
7 0.07162
7 0.07213
7 0.07294
13 0.07656
11 0.07489
7 0.13181
13 0.11068
11 0.0762
10 0.07432
7 0.07223
13 0.07548
11 0.07648
10 0.07576
7 0.07527
13 0.07502
11 0.07735
10 0.07632
10 0.0757
7 0.07375
13 0.07484
11 0.07864
10 0.07448
10 0.07548
7 0.0868
13 0.08628
11 0.0779
10 0.07437
10 0.07718
7 0.07182
7 0.0718
7 0.07285
7 0.07209
13 0.07727
11 0.07487
7 0.07261
13 0.07655
11 0.07468
10 0.07515
7 0.08057
13 0.07682
11 0.07764
10 0.0733
7 0.07214
13 0.07721
11 0.08017
10 0.07585
10 0.07448
7 0.07237
13 0.07602
11 0.07631
10 0.07486
10 0.07342
7 0.08599
13 0.13845
11 0.12183
10 0.07618
10 0.07624
7 0.0721
7 0.07275
7 0.07186
7 0.07323
13 0.0762
11 0.0745
7 0.07215
13 0.07539
11 0.07461
10 0.0742
7 0.07272
13 0.07466
11 0.07542
10 0.07346
7 0.0719
13 0.07446
11 0.07506
10 0.07288
10 0.07391
7 0.0728
13 0.07569
11 0.07572
10 0.07301
10 0.07409
7 0.07235
13 0.07455
11 0.07529
10 0.07332
10 0.07362
7 0.07851
7 0.0732
7 0.07197
7 0.07191
13 0.07536
11 0.07433
7 0.07173
13 0.07531
11 0.07478
10 0.07365
7 0.07339
13 0.08241
11 0.08563
10 0.07504
7 0.08361
13 0.07859
11 0.07499
10 0.07519
10 0.07353
7 0.07209
13 0.07738
11 0.07472
10 0.07477
10 0.07374
7 0.0742
13 0.07497
11 0.07655
10 0.07398
10 0.07772
7 0.07521
7 0.07495
7 0.07448
7 0.07469
13 0.07565
11 0.07703
7 0.07418
13 0.07547
11 0.07806
10 0.07678
7 0.07791
13 0.07774
11 0.07574
10 0.07545
7 0.07394
13 0.07559
11 0.07671
10 0.07977
10 0.07532
7 0.07565
13 0.07579
11 0.07611
10 0.07422
10 0.07386
7 0.08255
13 0.07717
11 0.07526
10 0.07555
10 0.07366
7 0.0728
7 0.07175
7 0.07193
7 0.09131
13 0.08456
11 0.08394
7 0.07468
13 0.07723
11 0.07559
10 0.07514
7 0.07375
13 0.07531
11 0.08327
10 0.07312
7 0.07164
13 0.07633
11 0.0746
10 0.07504
10 0.07308
7 0.07182
13 0.07444
11 0.07675
10 0.07251
10 0.07504
7 0.07378
13 0.0744
11 0.0768
10 0.07295
10 0.07494
7 0.07329
7 0.07195
7 0.07234
7 0.07211
13 0.07677
11 0.07485
7 0.07172
13 0.07685
11 0.07504
10 0.07605
7 0.0739
13 0.07516
11 0.07653
10 0.07328
7 0.07216
13 0.07471
11 0.07677
10 0.07317
10 0.07409
7 0.07405
13 0.07497
11 0.07767
10 0.10884
10 0.09407
7 0.07785
13 0.07823
11 0.07479
10 0.07513
10 0.07358
7 0.07381
7 0.0735
7 0.07508
7 0.07344
13 0.07602
11 0.07618
7 0.07306
13 0.0748
11 0.07736
10 0.0733
7 0.07231
13 0.07588
11 0.0755
10 0.07437
7 0.07278
13 0.07497
11 0.0755
10 0.07433
10 0.07406
7 0.07172
13 0.07614
11 0.07506
10 0.07472
10 0.07322
7 0.07191
13 0.0767
11 0.08066
10 0.0758
10 0.07759
7 0.07463
7 0.07407
7 0.0742
7 0.07434
13 0.07538
11 0.07772
7 0.07404
13 0.07476
11 0.07802
10 0.07331
7 0.07273
13 0.09358
11 0.08475
10 0.08527
7 0.07533
13 0.07527
11 0.07684
10 0.07335
10 0.07432
7 0.07269
13 0.0752
11 0.07602
10 0.07346
10 0.07399
7 0.0731
13 0.07515
11 0.07474
10 0.07369
10 0.07368
7 0.07228
7 0.07236
7 0.07292
7 0.07244
13 0.0758
11 0.07563
7 0.07238
13 0.07498
11 0.07551
10 0.073
7 0.07196
13 0.07585
11 0.07454
10 0.07457
7 0.07303
13 0.07456
11 0.07556
10 0.07309
10 0.07416
7 0.07254
13 0.0745
11 0.07403
10 0.07328
10 0.07266
7 0.07156
13 0.07658
11 0.07425
10 0.07404
10 0.07289
7 0.07311
7 0.07308
7 0.0987
7 0.07422
13 0.07832
11 0.07565
7 0.07209
13 0.07759
11 0.07488
10 0.07531
7 0.07377
13 0.07526
11 0.07632
10 0.07395
7 0.07293
13 0.07469
11 0.07764
10 0.07376
10 0.07591
7 0.07489
13 0.07508
11 0.07673
10 0.07323
10 0.0754
7 0.07399
13 0.07557
11 0.07643
10 0.07341
10 0.07586
7 0.07197
7 0.07187
7 0.07163
7 0.07157
13 0.07668
11 0.08185
7 0.07798
13 0.07922
11 0.07453
10 0.07477
7 0.07319
13 0.07694
11 0.07661
10 0.07281
7 0.07182
13 0.07623
11 0.07437
10 0.076
10 0.07306
7 0.07194
13 0.07561
11 0.10355
10 0.08546
10 0.0811
7 0.07314
13 0.07646
11 0.07446
10 0.07477
10 0.0731
7 0.07405
7 0.07346
7 0.07314
7 0.07299
13 0.07498
11 0.07587
7 0.07364
13 0.07512
11 0.07459
10 0.07451
7 0.07344
13 0.07472
11 0.07636
10 0.07319
7 0.07225
13 0.07626
11 0.0748
10 0.07527
10 0.07348
7 0.07219
13 0.0757
11 0.07485
10 0.07433
10 0.07344
7 0.07251
13 0.07508
11 0.07612
10 0.07319
10 0.07545
7 0.07182
7 0.07258
7 0.07183
7 0.0718
13 0.07705
11 0.07527
7 0.07189
13 0.07718
11 0.07498
10 0.07502
7 0.12724
13 0.14002
11 0.10369
10 0.07455
7 0.07218
13 0.07661
11 0.07506
10 0.07456
10 0.07551
7 0.07271
13 0.07531
11 0.07531
10 0.07408
10 0.07486
7 0.07328
13 0.07499
11 0.07909
10 0.07331
10 0.07593
7 0.07251
7 0.0722
7 0.07216
7 0.0729
13 0.07757
11 0.07503
7 0.07228
13 0.07761
11 0.07531
10 0.07593
7 0.07513
13 0.07824
11 0.07819
10 0.07501
7 0.07204
13 0.07804
11 0.07514
10 0.07577
10 0.07386
7 0.0938
13 0.11377
11 0.07905
10 0.07458
10 0.07435
7 0.07184
13 0.07753
11 0.07515
10 0.07466
10 0.07381
7 0.09418
7 0.08081
7 0.07822
7 0.07598
13 0.07736
11 0.08011
7 0.07347
13 0.08226
11 0.07514
10 0.0748
7 0.07406
13 0.07487
11 0.07658
10 0.0732
7 0.07237
13 0.07649
11 0.0755
10 0.07466
10 0.07327
7 0.07331
13 0.07586
11 0.07494
10 0.07513
10 0.0735
7 0.07402
13 0.07646
11 0.07528
10 0.07368
10 0.07498
7 0.07366
7 0.07325
7 0.07336
7 0.08485
13 0.07544
11 0.07649
7 0.07416
13 0.07528
11 0.07758
10 0.07357
7 0.07235
13 0.07702
11 0.07785
10 0.07674
7 0.07341
13 0.07527
11 0.07691
10 0.13774
10 0.13636
7 0.07238
13 0.07666
11 0.07502
10 0.07516
10 0.07346
7 0.07282
13 0.07613
11 0.07536
10 0.07398
10 0.07341
7 0.07375
7 0.07342
7 0.07366
7 0.07291
13 0.0748
11 0.07577
7 0.07272
13 0.07482
11 0.07528
10 0.07361
7 0.0728
13 0.07501
11 0.07688
10 0.07314
7 0.07197
13 0.0758
11 0.0745
10 0.07404
10 0.07315
7 0.0736
13 0.07688
11 0.07484
10 0.07582
10 0.07345
7 0.07204
13 0.07597
11 0.07492
10 0.07483
10 0.07486
7 0.07407
7 0.07307
7 0.07187
7 0.07375
13 0.07493
11 0.0748
7 0.0961
13 0.08337
11 0.07807
10 0.07382
7 0.07208
13 0.07752
11 0.07524
10 0.07503
7 0.07387
13 0.07522
11 0.0767
10 0.07341
10 0.07325
7 0.07204
13 0.07655
11 0.07476
10 0.07634
10 0.07354
7 0.07205
13 0.07634
11 0.07524
10 0.07543
10 0.07336
7 0.0741
7 0.07355
7 0.07542
7 0.07399
13 0.07501
11 0.07656
7 0.0737
13 0.07506
11 0.07622
10 0.07344
7 0.07225
13 0.07645
11 0.07523
10 0.07596
7 0.07335
13 0.07521
11 0.07627
10 0.07373
10 0.0738
7 0.07217
13 0.07644
11 0.07482
10 0.07632
10 0.07445
7 0.0724
13 0.07848
11 0.1002
10 0.08196
10 0.07514
7 0.07263
7 0.07257
7 0.07251
7 0.07244
13 0.0763
11 0.07521
7 0.07235
13 0.0893
11 0.08257
10 0.07533
7 0.07316
13 0.07584
11 0.0772
10 0.07613
7 0.07242
13 0.07695
11 0.07491
10 0.07333
10 0.07601
7 0.07274
13 0.07536
11 0.07664
10 0.07368
10 0.07529
7 0.07378
13 0.07494
11 0.0766
10 0.07347
10 0.07512
7 0.07299
7 0.07307
7 0.07216
7 0.07225
13 0.07659
11 0.07546
7 0.07228
13 0.07756
11 0.07465
10 0.07573
7 0.07446
13 0.07475
11 0.07712
10 0.07315
7 0.08398
13 0.09455
11 0.0843
10 0.07699
10 0.07555
7 0.0719
13 0.07715
11 0.07521
10 0.07503
10 0.07363
7 0.07201
13 0.07609
11 0.0749
10 0.07447
10 0.07378
7 0.07343
7 0.07354
7 0.07345
7 0.07347
13 0.0749
11 0.07611
7 0.07356
13 0.07504
11 0.07464
10 0.07437
7 0.07382
13 0.07476
11 0.07649
10 0.07333
7 0.07191
13 0.07652
11 0.07478
10 0.07481
10 0.07324
7 0.07199
13 0.07637
11 0.0759
10 0.07473
10 0.07318
7 0.07219
13 0.07459
11 0.07516
10 0.07295
10 0.07504
7 0.07436
7 0.07332
7 0.07376
7 0.07325
13 0.11387
11 0.14069
7 0.07228
13 0.07808
11 0.07456
10 0.07643
7 0.07899
13 0.07576
11 0.07913
10 0.07333
7 0.07237
13 0.07664
11 0.0748
10 0.07567
10 0.07318
7 0.07272
13 0.07672
11 0.07962
10 0.07643
10 0.07535
7 0.07188
13 0.07645
11 0.07452
10 0.07329
10 0.07335
7 0.07574
7 0.07457
7 0.07446
7 0.08259
13 0.07572
11 0.07719
7 0.07395
13 0.07558
11 0.07573
10 0.07586
7 0.07269
13 0.07556
11 0.07582
10 0.07424
7 0.07439
13 0.07907
11 0.07596
10 0.07502
10 0.07395
7 0.07268
13 0.07671
11 0.07519
10 0.07473
10 0.08325
7 0.08506
13 0.07861
11 0.07618
10 0.07652
10 0.07411
7 0.07365
7 0.07303
7 0.07392
7 0.07236
13 0.07663
11 0.0761
7 0.07208
13 0.07625
11 0.07585
10 0.07325
7 0.07167
13 0.07673
11 0.07547
10 0.07543
7 0.07357
13 0.07479
11 0.07669
10 0.07319
10 0.07499
7 0.07383
13 0.07487
11 0.07641
10 0.07361
10 0.07487
7 0.07329
13 0.07502
11 0.07605
10 0.07372
10 0.07311
7 0.07301
7 0.07224
7 0.0722
7 0.07235
13 0.07605
11 0.07576
7 0.07229
13 0.07526
11 0.07707
10 0.07342
7 0.07215
13 0.07649
11 0.13562
10 0.1369
7 0.07299
13 0.07615
11 0.07554
10 0.07455
10 0.07382
7 0.07217
13 0.07628
11 0.07532
10 0.0747
10 0.07374
7 0.07188
13 0.07601
11 0.07477
10 0.07432
10 0.07444
7 0.07525
7 0.07422
7 0.07451
7 0.07369
13 0.07479
11 0.07591
7 0.07333
13 0.07587
11 0.07618
10 0.07323
7 0.07223
13 0.07909
11 0.07526
10 0.0747
7 0.07421
13 0.0776
11 0.07671
10 0.07466
10 0.07521
7 0.07197
13 0.07581
11 0.07494
10 0.07477
10 0.07346
7 0.07191
13 0.0767
11 0.07574
10 0.07673
10 0.07482
7 0.07406
7 0.07391
7 0.08527
7 0.07339
13 0.07726
11 0.07519
7 0.07294
13 0.07722
11 0.07563
10 0.07598
7 0.07412
13 0.0751
11 0.07773
10 0.07381
7 0.07319
13 0.0748
11 0.07693
10 0.07368
10 0.076
7 0.07453
13 0.07493
11 0.07734
10 0.07344
10 0.07624
7 0.07327
13 0.07494
11 0.07597
10 0.07452
10 0.07534
7 0.07278
7 0.07202
7 0.07201
7 0.07197
13 0.0767
11 0.0746
7 0.07279
13 0.0768
11 0.07441
10 0.07486
7 0.07372
13 0.0747
11 0.0764
10 0.07434
7 0.07227
13 0.0749
11 0.07581
10 0.07316
10 0.07536
7 0.07341
13 0.0764
11 0.09841
10 0.08408
10 0.07548
7 0.07271
13 0.07443
11 0.07627
10 0.07444
10 0.07571
7 0.07283
7 0.07166
7 0.07242
7 0.07199
13 0.07626
11 0.07431
7 0.0728
13 0.0768
11 0.07607
10 0.07531
7 0.07496
13 0.07483
11 0.07908
10 0.07294
7 0.07174
13 0.0753
11 0.07534
10 0.07512
10 0.07319
7 0.07195
13 0.07486
11 0.07466
10 0.07296
10 0.07376
7 0.07601
13 0.07495
11 0.07614
10 0.07403
10 0.07586
7 0.07176
7 0.07204
7 0.07372
7 0.0721
13 0.07608
11 0.07475
7 0.07296
13 0.07722
11 0.07495
10 0.07508
7 0.09944
13 0.08357
11 0.08049
10 0.07439
7 0.07248
13 0.07575
11 0.0777
10 0.07461
10 0.07396
7 0.07212
13 0.07635
11 0.07493
10 0.07435
10 0.07336
7 0.07206
13 0.0758
11 0.07567
10 0.07435
10 0.07324
7 0.07272
7 0.07264
7 0.07311
7 0.07289
13 0.07454
11 0.07555
7 0.074
13 0.07472
11 0.07618
10 0.07358
7 0.07211
13 0.07448
11 0.07647
10 0.07297
7 0.07163
13 0.07689
11 0.07528
10 0.0749
10 0.07312
7 0.0717
13 0.07634
11 0.07447
10 0.07565
10 0.0733
7 0.0719
13 0.0763
11 0.07444
10 0.0737
10 0.07355
7 0.07439
7 0.12469
7 0.0733
7 0.07186
13 0.07615
11 0.07564
7 0.07253
13 0.07627
11 0.07481
10 0.07406
7 0.07299
13 0.0747
11 0.07554
10 0.07337
7 0.07188
13 0.07563
11 0.07964
10 0.07485
10 0.07381
7 0.07291
13 0.07471
11 0.0755
10 0.07322
10 0.07446
7 0.07258
13 0.07515
11 0.07531
10 0.07332
10 0.07433
7 0.07671
7 0.07219
7 0.07379
7 0.07201
13 0.07537
11 0.0752
7 0.07209
13 0.07571
11 0.0746
10 0.07706
7 0.07646
13 0.07489
11 0.07602
10 0.07337
7 0.07198
13 0.07679
11 0.07483
10 0.07289
10 0.07463
7 0.09173
13 0.09515
11 0.07642
10 0.07376
10 0.07342
7 0.07179
13 0.0756
11 0.07688
10 0.07366
10 0.07859
7 0.07529
7 0.0748
7 0.07475
7 0.07475
13 0.07619
11 0.07754
7 0.0746
13 0.07537
11 0.0771
10 0.07437
7 0.07269
13 0.07695
11 0.07538
10 0.07366
7 0.07326
13 0.07762
11 0.0753
10 0.07631
10 0.07372
7 0.07231
13 0.07762
11 0.07527
10 0.07584
10 0.07375
7 0.07331
13 0.07762
11 0.07579
10 0.07562
10 0.07369
7 0.07367
7 0.07403
7 0.07352
7 0.07366
13 0.07493
11 0.07716
7 0.07441
13 0.07446
11 0.09503
10 0.08512
7 0.07198
13 0.07701
11 0.07421
10 0.07514
7 0.07466
13 0.07423
11 0.07679
10 0.07289
10 0.07493
7 0.07348
13 0.07435
11 0.07706
10 -4.30345
10 0.07639
7 0.07298
13 0.07481
11 0.07564
10 0.07277
10 0.07406
7 0.07354
7 0.07214
7 0.09984
7 0.07814
13 0.07509
11 0.0762
7 0.07189
13 0.07524
11 0.07443
10 0.0751
7 0.07505
13 0.0749
11 0.07622
10 0.07475
7 0.07179
13 0.07654
11 0.07465
10 0.0775
10 0.07366
7 0.07376
13 0.07643
11 0.07483
10 0.07466
10 0.07311
7 0.0721
13 0.07605
11 0.07527
10 0.08904
10 0.13452
7 0.133
7 0.07308
7 0.07695
7 0.0735
13 0.07492
11 0.0754
7 0.07288
13 0.07524
11 0.07542
10 0.07332
7 0.07212
13 0.07557
11 0.07521
10 0.07316
7 0.07201
13 0.07607
11 0.07488
10 0.0744
10 0.07359
7 0.07236
13 0.0761
11 0.07502
10 0.07498
10 0.07331
7 0.07232
13 0.07558
11 0.07536
10 0.07319
10 0.07421
7 0.07254
7 0.07248
7 0.07413
7 0.07289
13 0.07481
11 0.0752
7 0.07169
13 0.0766
11 0.07492
10 0.07413
7 0.07314
13 0.07576
11 0.07614
10 0.07338
7 0.07238
13 0.08672
11 0.13906
10 0.12877
10 0.07609
7 0.07245
13 0.07633
11 0.08293
10 0.07402
10 0.07505
7 0.07312
13 0.07523
11 0.07549
10 0.07313
10 0.07434
7 0.12064
7 0.08503
7 0.07215
7 0.07369
13 0.07646
11 0.07489
7 0.07197
13 0.07553
11 0.07506
10 0.07515
7 0.07286
13 0.07532
11 0.07521
10 0.0735
7 0.07311
13 0.07539
11 0.08141
10 0.07407
10 0.07427
7 0.07361
13 0.07507
11 0.07602
10 0.07349
10 0.07838
7 0.07368
13 0.07511
11 0.07582
10 0.07354
10 0.07412
7 0.07208
7 0.07209
7 0.07234
7 0.09037
13 0.08211
11 0.08311
7 0.07382
13 0.07571
11 0.07725
10 0.07366
7 0.07286
13 0.07479
11 0.07573
10 0.0735
7 0.07196
13 0.07686
11 0.07504
10 0.07542
10 0.07417
7 0.07207
13 0.07649
11 0.07509
10 0.07535
10 0.07436
7 0.07222
13 0.07661
11 0.07519
10 0.07511
10 0.07373
7 0.07494
7 0.07349
7 0.07362
7 0.07337
13 0.07484
11 0.07655
7 0.07329
13 0.07464
11 0.07687
10 0.07333
7 0.07183
13 0.07627
11 0.0747
10 0.07281
7 0.07145
13 0.07592
11 0.07447
10 0.0751
10 0.07402
7 0.072
13 0.07622
11 0.07474
10 0.10333
10 0.13629
7 0.07443
13 0.07562
11 0.07508
10 0.076
10 0.07343
7 0.07512
7 0.07382
7 0.07447
7 0.07506
13 0.07888
11 0.07734
7 0.07506
13 0.07684
11 0.07706
10 0.07373
7 0.07208
13 0.0766
11 0.07537
10 0.07541
7 0.07384
13 0.07528
11 0.07788
10 0.0733
10 0.07365
7 0.07202
13 0.07678
11 0.07458
10 0.07558
10 0.07523
7 0.07197
13 0.07654
11 0.0749
10 0.07665
10 0.07301
7 0.07468
7 0.07588
7 0.075
7 0.07471
13 0.07482
11 0.07723
7 0.0759
13 0.07496
11 0.07747
10 0.07329
7 0.12792
13 0.13758
11 0.07838
10 0.074
7 0.0728
13 0.0769
11 0.07557
10 0.08064
10 0.0735
7 0.07173
13 0.07709
11 0.07497
10 0.07574
10 0.07334
7 0.0723
13 0.07813
11 0.07522
10 0.07546
10 0.07348
7 0.07434
7 0.07409
7 0.0745
7 0.07402
13 0.07507
11 0.07821
7 0.07434
13 0.07483
11 0.07709
10 0.07353
7 0.07189
13 0.07665
11 0.07499
10 0.07521
7 0.07316
13 0.07572
11 0.07472
10 0.0754
10 0.07343
7 0.07195
13 0.07741
11 0.07477
10 0.07538
10 0.07368
7 0.07214
13 0.07846
11 0.07528
10 0.07539
10 0.07347
7 0.07494
7 0.0851
7 0.07397
7 0.07275
13 0.07594
11 0.07666
7 0.07236
13 0.07476
11 0.0767
10 0.07406
7 0.07357
13 0.07699
11 0.07489
10 0.07557
7 0.07497
13 0.07502
11 0.07687
10 0.0734
10 0.07522
7 0.07387
13 0.07605
11 0.07615
10 0.0733
10 0.07429
7 0.07194
13 0.07487
11 0.07443
10 0.07445
10 0.073
7 0.07253
7 0.07237
7 0.07234
7 0.07209
13 0.07453
11 0.07734
7 0.0725
13 0.07461
11 0.08886
10 0.0739
7 0.07173
13 0.07615
11 0.07466
10 0.07431
7 0.07595
13 0.07484
11 0.07582
10 0.07334
10 0.0743
7 0.13345
13 0.07813
11 0.07756
10 0.07413
10 0.07845
7 0.07237
13 0.07569
11 0.07472
10 0.07446
10 0.07317
7 0.07321
7 0.07218
7 0.07262
7 0.08068
13 0.07473
11 0.07751
7 0.0772
13 0.07494
11 0.07608
10 0.07309
7 0.07177
13 0.07626
11 0.07445
10 0.07546
7 0.0731
13 0.07465
11 0.07594
10 0.07311
10 0.07444
7 0.07264
13 0.07441
11 0.07529
10 0.07295
10 0.07255
7 0.07157
13 0.07567
11 0.07434
10 0.07393
10 0.07274
7 0.07393
7 0.07314
7 0.07355
7 0.07451
13 0.07486
11 0.07598
7 0.07352
13 0.10135
11 0.12675
10 0.07545
7 0.07318
13 0.07524
11 0.07649
10 0.07367
7 0.07236
13 0.07553
11 0.07506
10 0.07439
10 0.07382
7 0.07276
13 0.07475
11 0.07579
10 0.07335
10 0.07549
7 0.07268
13 0.0748
11 0.07542
10 0.07366
10 0.0743
7 0.07255
7 0.07238
7 0.07225
7 0.0722
13 0.07589
11 0.07515
7 0.07197
13 0.07605
11 0.07885
10 0.07462
7 0.0732
13 0.07529
11 0.07677
10 0.07385
7 0.07248
13 0.07568
11 0.07796
10 0.07416
10 0.07402
7 0.07245
13 0.07512
11 0.07616
10 0.07355
10 0.07581
7 0.0731
13 0.07517
11 0.07632
10 0.0944
10 0.13276
7 0.07422
7 0.07331
7 0.07429
7 0.07328
13 0.07498
11 0.0757
7 0.07317
13 0.07496
11 0.07578
10 0.0733
7 0.0721
13 0.0766
11 0.07501
10 0.07408
7 0.07254
13 0.07506
11 0.07546
10 0.07348
10 0.07312
7 0.07183
13 0.07614
11 0.07482
10 0.07562
10 0.07328
7 0.07204
13 0.0757
11 0.07485
10 0.07414
10 0.0735
7 0.07316
7 0.07311
7 0.0753
7 0.07324
13 0.07526
11 0.07621
7 0.07321
13 0.07531
11 0.07575
10 0.07351
7 0.0723
13 0.07586
11 0.07632
10 0.07401
7 0.07195
13 0.07658
11 0.11941
10 0.10977
10 0.0753
7 0.07325
13 0.0753
11 0.07725
10 0.07361
10 0.07514
7 0.07301
13 0.07503
11 0.0758
10 0.07357
10 0.0746
7 0.07291
7 0.07188
7 0.07236
7 0.07221
13 0.07611
11 0.075
7 0.07423
13 0.07602
11 0.07505
10 0.07428
7 0.07309
13 0.07653
11 0.07558
10 0.07395
7 0.07309
13 0.07559
11 0.07517
10 0.07408
10 0.07558
7 0.0737
13 0.07509
11 0.07893
10 0.07361
10 0.07526
7 0.0751
13 0.07502
11 0.09326
10 0.07702
10 0.0755
7 0.07401
7 0.07179
7 0.07194
7 0.0718
13 0.07598
11 0.0972
7 0.07645
13 0.07587
11 0.07661
10 0.0737
7 0.07243
13 0.07653
11 0.07648
10 0.07404
7 0.07251
13 0.07472
11 0.07513
10 0.07345
10 0.07323
7 0.07157
13 0.07688
11 0.07481
10 0.0742
10 0.07303
7 0.07177
13 0.07589
11 0.07476
10 0.07419
10 0.07317
7 0.0741
7 0.07317
7 0.07304
7 0.07324
13 0.07488
11 0.07606
7 0.07316
13 0.07497
11 0.07572
10 0.07356
7 0.07339
13 0.07491
11 0.07564
10 0.07337
7 0.07191
13 0.07696
11 0.07502
10 0.07486
10 0.0733
7 0.07204
13 0.07638
11 0.07502
10 0.07428
10 0.07319
7 0.0877
13 0.13894
11 0.1314
10 0.07603
10 0.07501
7 0.07205
7 0.07419
7 0.07367
7 0.07396
13 0.07766
11 0.07628
7 0.0735
13 0.07497
11 0.07459
10 0.07523
7 0.07286
13 0.07487
11 0.07578
10 0.07321
7 0.07198
13 0.07604
11 0.07514
10 0.07426
10 0.0733
7 0.07376
13 0.07578
11 0.07521
10 0.07487
10 0.07364
7 0.07233
13 0.07765
11 0.07569
10 0.07329
10 0.07447
7 0.07192
7 0.07306
7 0.07213
7 0.07298
13 0.07763
11 0.07492
7 0.07206
13 0.07528
11 0.07479
10 0.0758
7 0.07306
13 0.07482
11 0.07617
10 0.07795
7 0.10579
13 0.07755
11 0.07622
10 0.07416
10 0.07576
7 0.07359
13 0.07514
11 0.07593
10 0.07352
10 0.0743
7 0.07397
13 0.07517
11 0.07632
10 0.07367
10 0.07488
7 0.07349
7 0.07201
7 0.07206
7 0.07212
13 0.0764
11 0.07521
7 0.07232
13 0.07638
11 0.07648
10 0.07444
7 0.07193
13 0.07567
11 0.07463
10 0.07384
7 0.07334
13 0.07489
11 0.07572
10 0.07325
10 0.07434
7 0.0728
13 0.07496
11 0.07576
10 0.07324
10 0.07407
7 0.07239
13 0.0749
11 0.07483
10 0.0736
10 0.07329
7 0.0737
7 0.07273
7 0.07256
7 0.134
13 0.08693
11 0.07765
7 0.07458
13 0.07751
11 0.07719
10 0.07334
7 0.07215
13 0.07737
11 0.0751
10 0.0752
7 0.0743
13 0.07546
11 0.07483
10 0.07614
10 0.07346
7 0.07184
13 0.07744
11 0.07494
10 0.07571
10 0.07322
7 0.07206
13 0.07669
11 0.07498
10 0.07542
10 0.07508
7 0.07503
7 0.0746
7 0.07383
7 0.07423
13 0.07859
11 0.0773
7 0.07421
13 0.07538
11 0.07734
10 0.07356
7 0.07342
13 0.07662
11 0.07499
10 0.07467
7 0.07386
13 0.07498
11 0.07733
10 0.0749
10 0.0753
7 0.07353
13 0.07572
11 0.08983
10 0.14082
10 0.08665
7 0.07261
13 0.07578
11 0.07635
10 0.07449
10 0.0737
7 0.07379
7 0.07245
7 0.07252
7 0.07283
13 0.07529
11 0.07461
7 0.07189
13 0.07572
11 0.07474
10 0.07431
7 0.07335
13 0.07485
11 0.07599
10 0.07312
7 0.07175
13 0.07542
11 0.07562
10 0.07402
10 0.07317
7 0.07203
13 0.07548
11 0.07493
10 0.07395
10 0.07384
7 0.07312
13 0.07473
11 0.07585
10 0.07439
10 0.07445
7 0.07192
7 0.07185
7 0.0721
7 0.07203
13 0.07594
11 0.0748
7 0.07327
13 0.0758
11 0.07481
10 0.07436
7 0.10767
13 0.11638
11 0.07679
10 0.07464
7 0.07258
13 0.07919
11 0.07565
10 0.07326
10 0.07387
7 0.0723
13 0.07585
11 0.07468
10 0.07476
10 0.0735
7 0.07201
13 0.07585
11 0.07611
10 0.07439
10 0.07358
7 0.07314
7 0.07334
7 0.07346
7 0.07343
13 0.07569
11 0.07634
7 0.07337
13 0.07533
11 0.07599
10 0.07344
7 0.07307
13 0.0762
11 0.07523
10 0.07446
7 0.07265
13 0.07691
11 0.07572
10 0.07366
10 0.07325
7 0.07246
13 0.07758
11 0.07503
10 0.0757
10 0.07355
7 0.07227
13 0.07777
11 0.07655
10 0.07562
10 0.0737
7 0.07393
7 0.11365
7 0.07849
7 0.07615
13 0.07624
11 0.07733
7 0.07436
13 0.07515
11 0.07679
10 0.07357
7 0.07269
13 0.07487
11 0.07707
10 0.07339
7 0.0736
13 0.07706
11 0.07496
10 0.07702
10 0.07421
7 0.0723
13 0.07698
11 0.07487
10 0.0758
10 0.07364
7 0.07326
13 0.07687
11 0.07479
10 0.07544
10 0.0735
7 0.07398
7 0.07407
7 0.07429
7 0.07383
13 0.07628
11 0.07693
7 0.07387
13 0.07491
11 0.07705
10 0.07377
7 0.07218
13 0.07493
11 0.07531
10 0.07336
7 0.07354
13 0.07795
11 0.07498
10 0.07601
10 0.07317
7 0.08441
13 0.08285
11 0.07654
10 0.07429
10 0.07361
7 0.07434
13 0.07615
11 0.0757
10 0.07462
10 0.07393
7 0.07523
7 0.07388
7 0.07436
7 0.07442
13 0.07732
11 0.07663
7 0.07365
13 0.07685
11 0.07662
10 0.07537
7 0.07352
13 0.07666
11 0.07826
10 0.07512
7 0.07397
13 0.07594
11 0.07748
10 0.07435
10 0.07683
7 0.07717
13 0.07662
11 0.07842
10 0.07481
10 0.07692
7 0.07556
13 0.07619
11 0.07891
10 0.07556
10 0.07669
7 0.07304
7 0.07905
7 0.07211
7 0.07312
13 0.07651
11 0.07463
7 0.07163
13 0.09161
11 0.09258
10 0.08034
7 0.08743
13 0.1059
11 0.07959
10 0.0761
7 0.07418
13 0.07481
11 0.07689
10 0.07364
10 0.07473
7 0.0739
13 0.07453
11 0.07649
10 0.07406
10 0.07517
7 0.07323
13 0.07497
11 0.07665
10 0.07398
10 0.07301
7 0.07303
7 0.07205
7 0.07208
7 0.07326
13 0.07972
11 0.07539
7 0.07206
13 0.07471
11 0.0753
10 0.0733
7 0.07181
13 0.07635
11 0.0758
10 0.07464
7 0.07331
13 0.07482
11 0.07669
10 0.07338
10 0.07438
7 0.07305
13 0.075
11 0.076
10 0.07352
10 0.07545
7 0.07232
13 0.07545
11 0.07442
10 0.13366
10 0.13722
7 0.07451
7 0.07355
7 0.07378
7 0.07328
13 0.07556
11 0.07771
7 0.07356
13 0.07541
11 0.0764
10 0.07399
7 0.07224
13 0.0759
11 0.07613
10 0.07446
7 0.07303
13 0.07487
11 0.07559
10 0.07382
10 0.07336
7 0.07219
13 0.07609
11 0.07631
10 0.07474
10 0.07356
7 0.07212
13 0.07577
11 0.07554
10 0.07468
10 0.0762
7 0.07326
7 0.07296
7 0.07315
7 0.07332
13 0.07594
11 0.07575
7 0.07476
13 0.07513
11 0.0757
10 0.07347
7 0.07348
13 0.0759
11 0.07471
10 0.07437
7 0.07407
13 0.09826
11 0.08883
10 0.07545
10 0.07515
7 0.07381
13 0.0759
11 0.07712
10 0.07318
10 0.07479
7 0.07348
13 0.07504
11 0.07632
10 0.07326
10 0.07421
7 0.07221
7 0.08036
7 0.07229
7 0.07224
13 0.07548
11 0.07513
7 0.07222
13 0.07568
11 0.07493
10 0.07409
7 0.07408
13 0.0751
11 0.07469
10 0.07446
7 0.07304
13 0.07472
11 0.07613
10 0.07318
10 0.07453
7 0.07329
13 0.07484
11 0.07637
10 0.07318
10 0.07422
7 0.07269
13 0.07561
11 0.07592
10 0.08019
10 0.07422
7 0.07245
7 0.0723
7 0.07379
7 0.07235
13 0.0773
11 0.09542
7 0.08669
13 0.07922
11 0.07548
10 0.07558
7 0.07323
13 0.07824
11 0.07701
10 0.07465
7 0.07248
13 0.07706
11 0.07491
10 0.07573
10 0.07332
7 0.07222
13 0.07822
11 0.07534
10 0.07556
10 0.07352
7 0.07213
13 0.07841
11 0.07743
10 0.07884
10 0.07663
7 0.07324
7 0.07318
7 0.07365
7 0.07284
13 0.07724
11 0.07561
7 0.07296
13 0.07478
11 0.07569
10 0.07319
7 0.07192
13 0.07583
11 0.07861
10 0.07421
7 0.07245
13 0.0749
11 0.07528
10 0.07316
10 0.07307
7 0.07294
13 0.07581
11 0.07459
10 0.07455
10 0.07314
7 0.08871
13 0.09145
11 0.08061
10 0.07647
10 0.07395
7 0.07222
7 0.07455
7 0.07278
7 0.07251
13 0.07554
11 0.07538
7 0.0733
13 0.07503
11 0.07663
10 0.0746
7 0.07244
13 0.07614
11 0.07497
10 0.07501
7 0.07339
13 0.07508
11 0.07595
10 0.07387
10 0.07427
7 0.0741
13 0.07529
11 0.07586
10 0.07366
10 0.0739
7 0.07218
13 0.07626
11 0.07509
10 0.07464
10 0.07349
7 0.07291
7 0.07254
7 0.07343
7 0.07442
13 0.07518
11 0.07618
7 0.07351
13 0.075
11 0.07685
10 0.07352
7 0.07205
13 0.0762
11 0.07503
10 0.0756
7 0.13596
13 0.09978
11 0.07801
10 0.07478
10 0.07563
7 0.07267
13 0.07608
11 0.07628
10 0.07395
10 0.07358
7 0.07229
13 0.0761
11 0.07484
10 0.07476
10 0.07353
7 0.07328
7 0.07335
7 0.07382
7 0.07319
13 0.07492
11 0.07642
7 0.07342
13 0.07508
11 0.07686
10 0.07385
7 0.07221
13 0.07597
11 0.07751
10 0.07523
7 0.07306
13 0.07537
11 0.07575
10 0.07363
10 0.07535
7 0.07293
13 0.07751
11 0.0755
10 0.07413
10 0.07354
7 0.07206
13 0.07602
11 0.07495
10 0.0749
10 0.07336
7 0.07322
7 0.0733
7 0.07365
7 0.08259
13 0.08617
11 0.07598
7 0.07244
13 0.07779
11 0.07517
10 0.07463
7 0.07839
13 0.07521
11 0.07627
10 0.07329
7 0.07313
13 0.07464
11 0.07667
10 0.07336
10 0.07573
7 0.07351
13 0.07484
11 0.07585
10 0.07364
10 0.07473
7 0.0732
13 0.07502
11 0.07621
10 0.0734
10 0.07526
7 0.07219
7 0.07219
7 0.07222
7 0.07219
13 0.07585
11 0.07486
7 0.0723
13 0.0762
11 0.07514
10 0.07367
7 0.0721
13 0.07504
11 0.07487
10 0.0742
7 0.07343
13 0.0749
11 0.07635
10 0.0734
10 0.07522
7 0.07307
13 0.0752
11 0.07547
10 0.07554
10 0.1008
7 0.07582
13 0.07536
11 0.07678
10 0.07536
10 0.07548
7 0.07363
7 0.07252
7 0.07207
7 0.07194
13 0.07575
11 0.07506
7 0.07197
13 0.07752
11 0.07475
10 0.07458
7 0.07299
13 0.07681
11 0.07688
10 0.07359
7 0.07219
13 0.07685
11 0.0749
10 0.07594
10 0.07324
7 0.07232
13 0.0768
11 0.07496
10 0.07716
10 0.07406
7 0.07446
13 0.07486
11 0.0766
10 0.07317
10 0.07551
7 0.07308
7 0.07266
7 0.07199
7 0.07194
13 0.0758
11 0.07469
7 0.07213
13 0.07691
11 0.07456
10 0.07547
7 0.07399
13 0.08947
11 0.09746
10 0.09205
7 0.07817
13 0.07569
11 0.08158
10 0.07383
10 0.07382
7 0.07187
13 0.07698
11 0.07464
10 0.076
10 0.0732
7 0.07223
13 0.07694
11 0.07521
10 0.0762
10 0.07323
7 0.07527
7 0.07374
7 0.07393
7 0.07403
13 0.07499
11 0.07644
7 0.07438
13 0.07503
11 0.07648
10 0.07337
7 0.07213
13 0.07629
11 0.0751
10 0.07478
7 0.0731
13 0.07503
11 0.07594
10 0.07393
10 0.07347
7 0.07187
13 0.07643
11 0.07509
10 0.07484
10 0.07336
7 0.07235
13 0.07682
11 0.07502
10 0.07702
10 0.07355
7 0.07719
7 0.07344
7 0.1343
7 0.07513
13 0.07547
11 0.07734
7 0.07337
13 0.07516
11 0.07683
10 0.07372
7 0.07252
13 0.07569
11 0.07503
10 0.07422
7 0.07216
13 0.07687
11 0.07523
10 0.0753
10 0.07331
7 0.07205
13 0.076
11 0.07484
10 0.07428
10 0.07318
7 0.07202
13 0.07663
11 0.07462
10 0.07411
10 0.07384
7 0.07329
7 0.07353
7 0.07306
7 0.07304
13 0.07504
11 0.07675
7 0.07261
13 0.08267
11 0.08089
10 0.07842
7 0.07256
13 0.07587
11 0.07506
10 0.07435
7 0.07248
13 0.0762
11 0.07552
10 0.074
10 0.07362
7 0.0835
13 0.0953
11 0.08704
10 0.07445
10 0.07525
7 0.07356
13 0.07876
11 0.07603
10 0.07387
10 0.07409
7 0.07248
7 0.07239
7 0.07252
7 0.07258
13 0.0761
11 0.07649
7 0.0725
13 0.07609
11 0.07496
10 0.07355
7 0.07187
13 0.07613
11 0.07502
10 0.07446
7 0.07421
13 0.0751
11 0.08688
10 0.07394
10 0.07455
7 0.07325
13 0.07497
11 0.07579
10 0.07338
10 0.07568
7 0.07301
13 0.07646
11 0.07578
10 0.0736
10 0.07354
7 0.07303
7 0.07222
7 0.07255
7 0.07209
13 0.07832
11 0.07495
7 0.07297
13 0.07699
11 0.07492
10 0.14232
7 0.07454
13 0.07777
11 0.07557
10 0.07589
7 0.07454
13 0.07516
11 0.07748
10 0.07352
10 0.07559
7 0.07415
13 0.07525
11 0.077
10 0.07349
10 0.07549
7 0.074
13 0.07509
11 0.07693
10 0.07497
10 0.07476
7 0.07353
7 0.0727
7 0.07279
7 0.07334
13 0.07705
11 0.07516
7 0.07204
13 0.08027
11 0.07502
10 0.07446
7 0.0738
13 0.0772
11 0.07502
10 0.07634
7 0.08356
13 0.07639
11 0.07733
10 0.07885
10 0.08833
7 0.07239
13 0.07488
11 0.07772
10 0.07391
10 0.0765
7 0.07447
13 0.07536
11 0.07744
10 0.07712
10 0.12147
7 0.11484
7 0.07281
7 0.07351
7 0.07217
13 0.07576
11 0.07482
7 0.07223
13 0.07532
11 0.07571
10 0.07358
7 0.07208
13 0.07711
11 0.07469
10 0.07435
7 0.07337
13 0.07493
11 0.07589
10 0.07337
10 0.07443
7 0.07325
13 0.07511
11 0.07561
10 0.07513
10 0.07422
7 0.07234
13 0.07557
11 0.07582
10 0.07412
10 0.07331
7 0.07284
7 0.07262
7 0.07389
7 0.07224
13 0.07583
11 0.07572
7 0.07228
13 0.07493
11 0.07593
10 0.0735
7 0.07222
13 0.07865
11 0.07532
10 0.07473
7 0.07335
13 0.07565
11 0.09581
10 0.0847
10 0.08099
7 0.07515
13 0.08362
11 0.07735
10 0.0759
10 0.07681
7 0.07476
13 0.07527
11 0.07731
10 0.07372
10 0.07599
7 0.07225
7 0.07206
7 0.07356
7 0.07283
13 0.07772
11 0.07518
7 0.07214
13 0.0776
11 0.07519
10 0.07625
7 0.07554
13 0.07685
11 0.07862
10 0.07387
7 0.07565
13 0.07752
11 0.08013
10 0.07635
10 0.07364
7 0.07237
13 0.07716
11 0.07652
10 0.07584
10 0.07679
7 0.07278
13 0.07734
11 0.07571
10 0.0757
10 0.07385
7 0.0749
7 0.07424
7 0.07475
7 0.07466
13 0.07622
11 0.13004
7 0.08195
13 0.07797
11 0.07566
10 0.07565
7 0.07341
13 0.07516
11 0.07641
10 0.07365
7 0.07239
13 0.07634
11 0.07523
10 0.07433
10 0.07371
7 0.07359
13 0.07513
11 0.07543
10 0.07346
10 0.07434
7 0.0733
13 0.07523
11 0.07625
10 0.07348
10 0.07453
7 0.07283
7 0.07224
7 0.0722
7 0.07217
13 0.07616
11 0.07484
7 0.07226
13 0.07619
11 0.07495
10 0.07464
7 0.07328
13 0.07509
11 0.07621
10 0.07365
7 0.07216
13 0.07569
11 0.07498
10 0.0742
10 0.07395
7 0.07344
13 0.07504
11 0.07615
10 0.07328
10 0.07458
7 0.10544
13 0.13986
11 0.07737
10 0.07668
10 0.07424
7 0.0749
7 0.07243
7 0.07266
7 0.07274
13 0.07517
11 0.07584
7 0.07329
13 0.07534
11 0.0767
10 0.07342
7 0.07176
13 0.07753
11 0.07469
10 0.07578
7 0.07407
13 0.07501
11 0.07589
10 0.07314
10 0.07574
7 0.11689
13 0.07625
11 0.08265
10 0.08268
10 0.07408
7 0.07232
13 0.07571
11 0.07575
10 0.07348
10 0.07646
7 0.07397
7 0.07377
7 0.07379
7 0.07363
13 0.07506
11 0.07597
7 0.07302
13 0.07625
11 0.07486
10 0.07383
7 0.07759
13 0.07541
11 0.11538
10 0.13661
7 0.07289
13 0.07758
11 0.07912
10 0.07575
10 0.07363
7 0.07227
13 0.07614
11 0.07522
10 0.07337
10 0.0748
7 0.07418
13 0.07561
11 0.0767
10 0.07961
10 0.07662
7 0.07214
7 0.07211
7 0.07214
7 0.07229
13 0.07676
11 0.07505
7 0.07345
13 0.07721
11 0.07483
10 0.0755
7 0.07409
13 0.07537
11 0.07646
10 0.07346
7 0.07184
13 0.07658
11 0.07643
10 0.07529
10 0.07344
7 0.07227
13 0.07599
11 0.07534
10 0.07345
10 0.07546
7 0.07422
13 0.0751
11 0.07698
10 0.07495
10 0.07571
7 0.07238
7 0.07201
7 0.13643
7 0.07445
13 0.07648
11 0.07681
7 0.07205
13 0.07621
11 0.07488
10 0.07379
7 0.07248
13 0.07501
11 0.07549
10 0.07466
7 0.07318
13 0.0765
11 0.07623
10 0.0734
10 0.07462
7 0.07323
13 0.07514
11 0.07619
10 0.07346
10 0.07456
7 0.07291
13 0.07655
11 0.07592
10 0.08023
10 0.07969
7 0.07271
7 0.07621
7 0.07232
7 0.07245
13 0.07661
11 0.07648
7 0.08057
13 0.07684
11 0.07535
10 0.07486
7 0.07343
13 0.07514
11 0.07586
10 0.07376
7 0.07338
13 0.07577
11 0.07543
10 0.07419
10 0.07367
7 0.08974
13 0.09206
11 0.08306
10 0.0765
10 0.07398
7 0.07368
13 0.07605
11 0.07511
10 0.07451
10 0.07382
