16 0.07862
19 0.07889
16 0.07986
19 0.08019
16 0.0794
19 0.07924
16 0.07759
19 0.07909
16 0.09123
19 0.09652
16 0.08678
19 0.09713
16 0.07982
19 0.07918
16 0.07916
19 0.07891
16 0.08045
19 0.08813
24 0.08439
16 0.07951
19 0.07993
24 0.08221
22 0.08185
16 0.07986
19 0.08132
24 0.0825
22 0.08145
16 0.07985
19 0.07926
24 0.08235
22 0.08182
16 0.07964
19 0.0805
24 0.08245
22 0.08216
16 0.08045
19 0.07891
24 0.08227
22 0.08439
16 0.079
19 0.07884
24 0.08167
22 0.08144
16 0.0787
19 0.07919
24 0.08215
22 0.08184
16 0.08074
19 0.07873
24 0.08158
22 0.08131
16 0.07943
19 0.07945
24 0.08342
22 0.08226
24 0.08332
16 0.0828
19 0.08143
24 0.09173
22 0.08275
24 0.10353
22 0.11517
16 0.08705
19 0.0884
24 0.0819
22 0.09971
24 0.09095
22 0.08255
16 0.0897
19 0.08953
24 0.08288
22 0.09023
24 0.08228
22 0.10148
16 0.08762
19 0.09416
24 0.08346
22 0.08949
24 0.09606
22 0.08986
16 0.09841
19 0.09171
24 0.08366
22 0.09304
24 0.10261
22 0.09173
16 0.07986
19 0.09575
24 0.08291
22 0.1042
24 0.0943
22 0.08751
16 0.08499
19 0.11128
24 0.08282
22 0.08188
24 0.08145
22 0.08075
22 0.08675
22 0.12658
22 0.08643
22 0.08935
22 0.08549
22 0.09483
22 0.08647
22 0.0841
22 0.09225
22 0.08859
22 0.08448
22 0.08377
22 0.08477
22 0.08483
22 0.08463
22 0.08385
22 0.08515
22 0.08424
22 0.08558
22 0.0842
22 0.08446
22 0.08311
22 0.08449
22 0.08323
22 0.08491
22 0.08394
22 0.08446
22 0.08572
22 0.08714
22 0.08436
22 0.08426
22 0.08357
22 0.0834
22 0.08502
22 0.08521
22 0.08571
22 0.08613
22 0.08758
22 0.08561
22 0.0868
22 0.08718
22 0.084
22 0.08614
22 0.0847
22 0.08374
22 0.08418
22 0.08409
22 0.08359
22 0.08494
22 0.08534
22 0.08325
22 0.08494
22 0.08454
22 0.08371
22 0.08487
22 0.08461
22 0.0835
22 0.08401
22 0.08318
22 0.08254
22 0.08356
22 0.08476
24 0.08906
24 0.08794
24 0.08888
24 0.09025
24 0.08666
24 0.08885
24 0.08911
24 0.08643
24 0.08741
24 0.08567
24 0.08684
24 0.08697
24 0.08676
24 0.08588
24 0.08699
24 0.08616
24 0.08643
24 0.08603
24 0.08727
24 0.08752
24 0.10412
24 0.09174
24 0.09074
24 0.09022
24 0.08815
24 0.08661
24 0.08757
24 0.08815
24 0.08647
24 0.08613
24 0.08896
24 0.08611
24 0.086
24 0.08822
24 0.08826
24 0.08618
24 0.08621
24 0.08697
24 0.08521
24 0.08608
24 0.08566
24 0.08537
24 0.08554
24 0.08655
24 0.09288
24 0.09334
24 0.08737
24 0.08538
24 0.08781
24 0.08628
24 0.0855
24 0.08586
24 0.08539
24 0.0854
24 0.08489
24 0.08661
24 0.09315
24 0.09388
24 0.09324
24 0.09332
24 0.09305
24 0.09417
18 0.08172
18 0.08337
21 0.08344
18 0.16297
21 0.1022
18 0.08201
21 0.08493
18 0.08232
21 0.08418
18 0.08312
21 0.08397
18 0.08287
21 0.08295
18 0.08077
21 0.08296
18 0.08112
21 0.08299
18 0.08854
21 0.0842
26 0.08749
18 0.08952
21 0.08758
26 0.09043
24 0.08621
18 0.084
21 0.08448
26 0.08641
24 0.08704
18 0.0826
21 0.08305
26 0.08687
24 0.0858
18 0.0813
21 0.08767
26 0.08833
24 0.08582
18 0.08334
21 0.0839
26 0.08693
24 0.0897
18 0.08152
21 0.08325
26 0.0864
24 0.086
18 0.08297
21 0.08452
26 0.08725
24 0.08592
18 0.081
21 0.08457
26 0.08948
24 0.08661
18 0.08089
21 0.08267
26 0.08678
24 0.0857
26 0.08638
18 0.08252
21 0.08387
26 0.08749
24 0.09681
26 0.12237
24 0.09682
18 0.08139
21 0.08434
26 0.08672
24 0.08565
26 0.08676
24 0.08619
18 0.08172
21 0.08372
26 0.08702
24 0.08579
26 0.08701
24 0.08734
18 0.08091
21 0.09098
26 0.08652
24 0.09178
26 0.08705
24 0.08909
18 0.0824
21 0.08299
26 0.08715
24 0.08696
26 0.08682
24 0.08644
18 0.09783
21 0.09992
26 0.10684
24 0.1015
26 0.09885
24 0.10209
18 0.09746
21 0.10205
26 0.10451
24 0.08778
26 0.09182
24 0.08783
24 0.08936
24 0.08941
24 0.08754
24 0.08956
24 0.09516
24 0.08811
24 0.08715
24 0.08591
24 0.08734
24 0.08656
24 0.09164
24 0.09355
24 0.08892
24 0.0875
24 0.0888
24 0.08704
24 0.09017
24 0.1004
24 0.08767
24 0.08687
24 0.08748
24 0.09083
24 0.08911
24 0.08783
24 0.08978
24 0.08718
24 0.08837
24 0.08888
24 0.08914
24 0.0871
24 0.08907
24 0.08663
24 0.08628
24 0.08985
24 0.08808
24 0.08625
24 0.08971
24 0.08624
24 0.0872
24 0.08771
24 0.08622
24 0.08691
24 0.08613
24 0.08609
24 0.08635
24 0.08609
24 0.08677
24 0.08652
24 0.08603
24 0.08785
24 0.08594
24 0.08732
24 0.08663
24 0.08659
24 0.08625
24 0.08771
24 0.08668
24 0.08679
24 0.08561
24 0.08823
24 0.08677
24 0.08806
20 0.0845
20 0.08403
23 0.08514
20 0.08562
23 0.08559
20 0.08301
23 0.08495
20 0.08327
23 0.08682
20 0.08554
23 0.08542
20 0.08545
23 0.0859
20 0.08535
23 0.08529
20 0.08524
23 0.09207
20 0.08539
23 0.08598
28 0.08893
20 0.08777
23 0.08651
28 0.08953
26 0.08862
20 0.08539
23 0.08673
28 0.08934
26 0.08893
20 0.08531
23 0.08571
28 0.08857
26 0.08928
20 0.09266
23 0.08613
28 0.08905
26 0.08833
20 0.08339
23 0.08527
28 0.08882
26 0.08818
20 0.08356
23 0.08807
28 0.0882
26 0.09084
20 0.0907
23 0.08495
28 0.08984
26 0.08911
20 0.08437
23 0.08531
28 0.09295
26 0.09127
20 0.08283
23 0.08655
28 0.08876
26 0.08802
28 0.0892
20 0.08906
23 0.08484
28 0.09127
26 0.08813
28 0.08851
26 0.08837
20 0.0893
23 0.08546
28 0.08781
26 0.08779
28 0.08912
26 0.0888
20 0.08371
23 0.08526
28 0.0894
26 0.08821
28 0.08964
26 0.08814
20 0.08503
23 0.0857
28 0.08888
26 0.08827
28 0.0898
26 0.08805
20 0.08287
23 0.08498
28 0.08792
26 0.08803
28 0.08906
26 0.08801
20 0.08228
23 0.08486
28 0.08804
26 0.08742
28 0.08892
26 0.08844
20 0.08122
23 0.08416
28 0.08741
26 0.08724
28 0.0876
26 0.0889
20 0.08272
20 0.08676
23 0.09531
20 0.08781
23 0.08758
20 0.08384
23 0.08549
20 0.08377
23 0.08542
20 0.0835
23 0.08546
20 0.09032
23 0.09302
20 0.08313
23 0.08816
20 0.08337
23 0.08589
20 0.08322
23 0.08527
28 0.08885
20 0.08507
23 0.0928
28 0.09614
26 0.08876
20 0.08348
23 0.08527
28 0.08919
26 0.0883
20 0.08388
23 0.08623
28 0.08987
26 0.08898
20 0.08801
23 0.08642
28 0.08905
26 0.08984
20 0.0844
23 0.0864
28 0.08962
26 0.08976
20 0.08344
23 0.08611
28 0.08946
26 0.08868
20 0.08339
23 0.09281
28 0.098
26 0.0956
20 0.08327
23 0.08579
28 0.08953
26 0.09612
20 0.08452
23 0.08755
28 0.08945
26 0.08992
28 0.09404
20 0.08372
23 0.08612
28 0.08938
26 0.08902
28 0.08998
26 0.08871
20 0.08324
23 0.08592
28 0.09248
26 0.08919
28 0.09048
26 0.09436
20 0.08437
23 0.08532
28 0.08954
26 0.08956
28 0.0907
26 0.08893
20 0.08321
23 0.08603
28 0.08936
26 0.08879
28 0.08907
26 0.08843
20 0.08423
23 0.0859
28 0.08838
26 0.09678
28 0.09017
26 0.08951
20 0.08428
23 0.11755
28 0.0974
26 0.09588
28 0.09482
26 0.09347
20 0.09844
23 0.08687
28 0.0952
26 0.09152
28 0.08842
26 0.08847
20 0.08286
20 0.084
23 0.08923
20 0.08404
23 0.08543
20 0.08379
23 0.08563
20 0.08348
23 0.08584
20 0.08349
23 0.08489
20 0.08479
23 0.08551
20 0.08651
23 0.08574
20 0.08384
23 0.08538
20 0.08342
23 0.08509
28 0.08915
20 0.0837
23 0.08591
28 0.08939
26 0.08868
20 0.08373
23 0.08531
28 0.08883
26 0.08828
20 0.08622
23 0.08561
28 0.08892
26 0.08941
20 0.08521
23 0.08578
28 0.09199
26 0.08909
20 0.08351
23 0.08538
28 0.08898
26 0.08976
20 0.08393
23 0.08562
28 0.08903
26 0.08872
20 0.08287
23 0.08482
28 0.08915
26 0.08906
20 0.08373
23 0.08587
28 0.08894
26 0.08831
20 0.0828
23 0.09074
28 0.08911
26 0.08831
28 0.08938
20 0.08314
23 0.08698
28 0.08878
26 0.08773
28 0.08883
26 0.08831
20 0.08263
23 0.08481
28 0.08793
26 0.08823
28 0.08889
26 0.08889
20 0.08303
23 0.08489
28 0.0884
26 0.08784
28 0.0893
26 0.08824
20 0.0827
23 0.0851
28 0.08904
26 0.08811
28 0.08881
26 0.08848
20 0.08342
23 0.08507
28 0.08864
26 0.08757
28 0.10086
26 0.0889
20 0.08253
23 0.08475
28 0.08868
26 0.08766
28 0.08937
26 0.08905
20 0.08195
23 0.0848
28 0.08776
26 0.0878
28 0.08813
26 0.08844
20 0.08288
20 0.08384
23 0.0852
20 0.08407
23 0.08531
20 0.08641
23 0.08629
20 0.08416
23 0.0856
20 0.08541
23 0.08863
20 0.08622
23 0.08812
20 0.08521
23 0.09134
20 0.08605
23 0.08575
20 0.08531
23 0.09136
28 0.09208
20 0.08526
23 0.08564
28 0.0889
26 0.08829
20 0.08642
23 0.08631
28 0.08946
26 0.08875
20 0.08572
23 0.08614
28 0.08931
26 0.08906
20 0.08575
23 0.08629
28 0.08897
26 0.08818
20 0.08535
23 0.09298
28 0.08964
26 0.08899
20 0.08484
23 0.0859
28 0.08946
26 0.08849
20 0.08397
23 0.0893
28 0.09393
26 0.09302
20 0.08437
23 0.08526
28 0.089
26 0.08824
20 0.08504
23 0.08593
28 0.08906
26 0.08847
28 0.0891
20 0.08798
23 0.08573
28 0.09482
26 0.08933
28 0.08933
26 0.08894
20 0.08399
23 0.08592
28 0.08859
26 0.08855
28 0.08921
26 0.08902
20 0.08807
23 0.08919
28 0.09201
26 0.08933
28 0.08948
26 0.08855
20 0.08461
23 0.08522
28 0.08904
26 0.08817
28 0.08861
26 0.09025
20 0.08519
23 0.08544
28 0.08857
26 0.08835
28 0.08882
26 0.08875
20 0.08413
23 0.09325
28 0.09725
26 0.09637
28 0.09111
26 0.08968
20 0.08181
23 0.08458
28 0.09914
26 0.08887
28 0.09299
26 0.08814
20 0.08279
20 0.08515
23 0.09322
20 0.08864
23 0.08573
20 0.08535
23 0.08581
20 0.0852
23 0.08583
20 0.08397
23 0.08607
20 0.08569
23 0.08578
20 0.08499
23 0.0861
20 0.08524
23 0.08565
20 0.08559
23 0.08596
28 0.08902
20 0.08338
23 0.0859
28 0.08902
26 0.09188
20 0.0858
23 0.08619
28 0.09062
26 0.08854
20 0.08593
23 0.08555
28 0.08904
26 0.08877
20 0.08556
23 0.08626
28 0.08941
26 0.08975
20 0.08526
23 0.08582
28 0.08908
26 0.08927
20 0.08523
23 0.08581
28 0.08976
26 0.08896
20 0.08477
23 0.08582
28 0.08907
26 0.08868
20 0.08479
23 0.08557
28 0.09033
26 0.08845
20 0.08747
23 0.08628
28 0.0902
26 0.08871
28 0.08982
20 0.08521
23 0.08625
28 0.08949
26 0.08822
28 0.08892
26 0.08843
20 0.08497
23 0.08588
28 0.09655
26 0.09562
28 0.08868
26 0.08918
20 0.08409
23 0.08511
28 0.08896
26 0.08807
28 0.08902
26 0.08819
20 0.08534
23 0.0856
28 0.0897
26 0.08856
28 0.08886
26 0.0888
20 0.08435
23 0.0856
28 0.08847
26 0.08871
28 0.08979
26 0.08846
20 0.08322
23 0.08484
28 0.08873
26 0.08799
28 0.08911
26 0.08933
20 0.08245
23 0.085
28 0.0878
26 0.08779
28 0.08809
26 0.08751
18 0.08298
18 0.08484
21 0.083
18 0.08297
21 0.08324
18 0.08321
21 0.08305
18 0.08565
21 0.08339
18 0.08225
21 0.08276
18 0.09203
21 0.08361
18 0.08331
21 0.08327
18 0.08185
21 0.08671
18 0.08135
21 0.08252
26 0.08587
18 0.08189
21 0.08318
26 0.08596
24 0.08662
18 0.08105
21 0.08252
26 0.08585
24 0.08538
18 0.0811
21 0.08281
26 0.08595
24 0.08545
18 0.08125
21 0.0827
26 0.08598
24 0.08548
18 0.08135
21 0.08413
26 0.08649
24 0.08868
18 0.08288
21 0.08292
26 0.08596
24 0.08566
18 0.08262
21 0.08324
26 0.08557
24 0.08572
18 0.08205
21 0.08274
26 0.08593
24 0.08551
18 0.08484
21 0.08417
26 0.08715
24 0.08627
26 0.08786
18 0.08317
21 0.083
26 0.08589
24 0.08553
26 0.08604
24 0.08612
18 0.08213
21 0.08259
26 0.08575
24 0.08547
26 0.08662
24 0.08613
18 0.08259
21 0.0828
26 0.08593
24 0.0854
26 0.08605
24 0.08607
18 0.08245
21 0.08273
26 0.08585
24 0.08738
26 0.08894
24 0.08636
18 0.0829
21 0.08311
26 0.08596
24 0.08538
26 0.0886
24 0.09444
18 0.08218
21 0.08301
26 0.086
24 0.08653
26 0.0871
24 0.0865
18 0.08115
21 0.08224
26 0.08537
24 0.08471
26 0.08522
24 0.08504
24 0.08717
24 0.08652
24 0.08602
24 0.0879
24 0.08795
24 0.087
24 0.08641
24 0.08615
24 0.0877
24 0.08641
24 0.08655
24 0.08621
24 0.09078
24 0.08631
24 0.0891
24 0.08697
24 0.08678
24 0.08651
24 0.08681
24 0.08675
24 0.08772
24 0.08644
24 0.08655
24 0.08638
24 0.0863
24 0.0856
24 0.08607
24 0.08627
24 0.08567
24 0.08646
24 0.08698
24 0.08542
24 0.08554
24 0.08917
24 0.08722
24 0.08669
24 0.08654
24 0.08575
24 0.08528
24 0.08623
24 0.08607
24 0.08514
24 0.08896
24 0.08613
24 0.08522
24 0.08625
24 0.08582
24 0.08551
24 0.08541
24 0.08632
24 0.08531
24 0.08536
24 0.08631
24 0.08595
24 0.08549
24 0.08537
24 0.08532
24 0.08634
24 0.08592
24 0.08552
24 0.08525
24 0.08556
20 0.08262
20 0.08307
23 0.08512
20 0.08362
23 0.08586
20 0.08315
23 0.08589
20 0.08303
23 0.08519
20 0.08643
23 0.08841
20 0.08336
23 0.08531
20 0.08325
23 0.08525
20 0.08529
23 0.08555
20 0.08564
23 0.08536
28 0.08898
20 0.08518
23 0.08619
28 0.0898
26 0.09626
20 0.08634
23 0.08727
28 0.08966
26 0.08904
20 0.08315
23 0.0854
28 0.08867
26 0.08851
20 0.08386
23 0.08564
28 0.0883
26 0.08764
20 0.08354
23 0.08542
28 0.09122
26 0.08786
20 0.0837
23 0.085
28 0.08896
26 0.0882
20 0.08545
23 0.08581
28 0.08899
26 0.10386
20 0.08493
23 0.08521
28 0.08839
26 0.08879
20 0.08493
23 0.08558
28 0.08881
26 0.0882
28 0.08927
20 0.08477
23 0.08583
28 0.08937
26 0.08823
28 0.08914
26 0.08848
20 0.08442
23 0.08522
28 0.08866
26 0.08816
28 0.08851
26 0.08856
20 0.08349
23 0.08594
28 0.08895
26 0.10401
28 0.08836
26 0.08793
20 0.08311
23 0.08509
28 0.08808
26 0.08873
28 0.09096
26 0.08834
20 0.08244
23 0.08523
28 0.08917
26 0.08792
28 0.08905
26 0.0883
20 0.08269
23 0.08646
28 0.0882
26 0.08733
28 0.08811
26 0.08802
20 0.08103
23 0.08441
28 0.08712
26 0.08754
28 0.08831
26 0.08798
20 0.08301
20 0.08312
23 0.08479
20 0.08317
23 0.08642
20 0.08324
23 0.08535
20 0.08348
23 0.08522
20 0.0844
23 0.08511
20 0.0842
23 0.08648
20 0.08327
23 0.08572
20 0.0831
23 0.08454
20 0.08435
23 0.08544
28 0.08797
20 0.08326
23 0.0852
28 0.08839
26 0.0879
20 0.08306
23 0.08566
28 0.08821
26 0.08901
20 0.08309
23 0.085
28 0.08851
26 0.08794
20 0.08317
23 0.08621
28 0.08837
26 0.0884
20 0.08347
23 0.08525
28 0.08854
26 0.08799
20 0.10864
23 0.0877
28 0.09403
26 0.08932
20 0.08365
23 0.08512
28 0.08861
26 0.09002
20 0.08266
23 0.087
28 0.08756
26 0.0875
20 0.08292
23 0.08451
28 0.08938
26 0.0884
28 0.08864
20 0.08322
23 0.08461
28 0.08876
26 0.08766
28 0.08838
26 0.088
20 0.08275
23 0.08486
28 0.08791
26 0.08827
28 0.08857
26 0.08813
20 0.08986
23 0.09229
28 0.09631
26 0.09583
28 0.09644
26 0.09679
20 0.08267
23 0.08505
28 0.09599
26 0.09584
28 0.09676
26 0.09612
20 0.08384
23 0.08563
28 0.08789
26 0.08765
28 0.0884
26 0.08774
20 0.08228
23 0.08463
28 0.08884
26 0.08978
28 0.08895
26 0.0879
20 0.08102
23 0.08394
28 0.08718
26 0.08652
28 0.08782
26 0.08694
20 0.08263
20 0.0827
23 0.08454
20 0.08285
23 0.09644
20 0.08321
23 0.08531
20 0.08303
23 0.08536
20 0.08303
23 0.08515
20 0.08357
23 0.08558
20 0.0828
23 0.08505
20 0.08349
23 0.08946
20 0.08365
23 0.08536
28 0.08953
20 0.08328
23 0.08483
28 0.093
26 0.08765
20 0.08319
23 0.08508
28 0.08827
26 0.08713
20 0.08404
23 0.08521
28 0.08858
26 0.08766
20 0.08305
23 0.08692
28 0.08844
26 0.08776
20 0.08269
23 0.0846
28 0.08778
26 0.08959
20 0.08279
23 0.08471
28 0.08808
26 0.08722
20 0.08269
23 0.0844
28 0.0877
26 0.08744
20 0.08268
23 0.08519
28 0.08809
26 0.08717
20 0.08428
23 0.0847
28 0.0875
26 0.08732
28 0.0884
20 0.08313
23 0.08518
28 0.08762
26 0.08774
28 0.08896
26 0.08783
20 0.08283
23 0.08429
28 0.08901
26 0.09559
28 0.10289
26 0.08885
20 0.08239
23 0.08504
28 0.08762
26 0.08826
28 0.08831
26 0.08758
20 0.08283
23 0.08532
28 0.08854
26 0.08792
28 0.09531
26 0.09232
20 0.08253
23 0.08464
28 0.08786
26 0.08764
28 0.08804
26 0.08798
20 0.08243
23 0.08441
28 0.08742
26 0.0873
28 0.08787
26 0.08745
20 0.08071
23 0.08458
28 0.08805
26 0.09343
28 0.09068
26 0.08765
20 0.08303
20 0.08352
23 0.08567
20 0.0836
23 0.08512
20 0.08437
23 0.08497
20 0.08334
23 0.08517
20 0.08351
23 0.08803
20 0.08313
23 0.08508
20 0.08703
23 0.08501
20 0.08307
23 0.08487
20 0.0837
23 0.09003
28 0.0883
20 0.0832
23 0.0849
28 0.08855
26 0.08766
20 0.08317
23 0.08464
28 0.08769
26 0.08783
20 0.08949
23 0.08798
28 0.08967
26 0.10349
20 0.08676
23 0.08582
28 0.08888
26 0.088
20 0.08295
23 0.08522
28 0.089
26 0.08796
20 0.08299
23 0.08531
28 0.08876
26 0.08807
20 0.08515
23 0.08753
28 0.09439
26 0.0914
20 0.09412
23 0.10128
28 0.09599
26 0.10946
20 0.09017
23 0.08987
28 0.11201
26 0.10663
28 0.10213
20 0.08282
23 0.08486
28 0.08821
26 0.08903
28 0.0889
26 0.08838
20 0.08268
23 0.08591
28 0.08836
26 0.0877
28 0.08847
26 0.08781
20 0.08258
23 0.08473
28 0.08853
26 0.0875
28 0.08831
26 0.08868
20 0.08258
23 0.08512
28 0.09101
26 0.0879
28 0.08847
26 0.08957
20 0.08275
23 0.0847
28 0.08805
26 0.08697
28 0.08887
26 0.08789
20 0.08266
23 0.08475
28 0.08878
26 0.08798
28 0.09002
26 0.08931
20 0.08127
23 0.08417
28 0.08739
26 0.08937
28 0.0888
26 0.08766
20 0.08257
20 0.08292
23 0.08493
20 0.08292
23 0.08498
20 0.08381
23 0.08582
20 0.08372
23 0.08492
20 0.08336
23 0.08544
20 0.08307
23 0.08553
20 0.08284
23 0.08503
20 0.08292
23 0.08569
20 0.08345
23 0.08529
28 0.08847
20 0.08346
23 0.08479
28 0.08806
26 0.0879
20 0.08301
23 0.08515
28 0.08823
26 0.09142
20 0.08308
23 0.08514
28 0.08833
26 0.08781
20 0.08308
23 0.08469
28 0.08845
26 0.08747
20 0.08303
23 0.08511
28 0.08886
26 0.08829
20 0.08265
23 0.08485
28 0.08814
26 0.08723
20 0.08251
23 0.08416
28 0.08785
26 0.08764
20 0.08249
23 0.0855
28 0.08799
26 0.08787
20 0.08294
23 0.08467
28 0.08807
26 0.08744
28 0.08858
20 0.08255
23 0.08426
28 0.08751
26 0.0875
28 0.08885
26 0.08757
20 0.08292
23 0.08485
28 0.08856
26 0.08754
28 0.0883
26 0.08773
20 0.08274
23 0.08508
28 0.08755
26 0.08814
28 0.08951
26 0.08793
20 0.08238
23 0.08462
28 0.08786
26 0.0873
28 0.08812
26 0.08788
20 0.08281
23 0.08436
28 0.08792
26 0.08729
28 0.08818
26 0.08803
20 0.08248
23 0.0852
28 0.0888
26 0.08775
28 0.08789
26 0.08789
20 0.08067
23 0.08403
28 0.08742
26 0.08656
28 0.08851
26 0.08736
18 0.08048
18 0.08131
21 0.08295
18 0.08097
21 0.0828
18 0.08202
21 0.08348
18 0.08113
21 0.08303
18 0.08108
21 0.08321
18 0.0832
21 0.08322
18 0.09017
21 0.09077
18 0.08337
21 0.08333
18 0.08318
21 0.08329
26 0.08633
18 0.08125
21 0.08261
26 0.08647
24 0.08574
18 0.08129
21 0.08325
26 0.08554
24 0.08564
18 0.08264
21 0.08392
26 0.08778
24 0.08831
18 0.08077
21 0.08284
26 0.08674
24 0.08643
18 0.08293
21 0.08318
26 0.08628
24 0.08563
18 0.08082
21 0.08426
26 0.0858
24 0.08588
18 0.08123
21 0.08288
26 0.08595
24 0.08573
18 0.08103
21 0.08222
26 0.08552
24 0.08524
18 0.0808
21 0.08213
26 0.0856
24 0.08519
26 0.08603
18 0.0811
21 0.08377
26 0.0863
24 0.08605
26 0.08561
24 0.08546
18 0.08206
21 0.08251
26 0.08571
24 0.08501
26 0.08623
24 0.08527
18 0.08134
21 0.0833
26 0.08563
24 0.08522
26 0.08548
24 0.08545
18 0.08581
21 0.0827
26 0.08595
24 0.08535
26 0.08571
24 0.0861
18 0.08059
21 0.08267
26 0.08557
24 0.08527
26 0.08574
24 0.08572
18 0.08065
21 0.08252
26 0.08524
24 0.08507
26 0.08636
24 0.08541
18 0.08025
21 0.08256
26 0.08551
24 0.08512
26 0.08513
24 0.08474
24 0.08836
24 0.08779
24 0.08656
24 0.08773
24 0.08731
24 0.08678
24 0.08693
24 0.08635
24 0.08731
24 0.08614
24 0.08814
24 0.08714
24 0.09095
24 0.08592
24 0.08706
24 0.08583
24 0.08842
24 0.08628
24 0.08661
24 0.08598
24 0.0865
24 0.08679
24 0.08657
24 0.08587
24 0.08633
24 0.08615
24 0.08633
24 0.08637
24 0.08584
24 0.08551
24 0.08668
24 0.08599
24 0.08571
24 0.08804
24 0.08623
24 0.08583
24 0.08619
24 0.08587
24 0.08538
24 0.08514
24 0.08595
24 0.08505
24 0.08568
24 0.08599
24 0.08535
24 0.08582
24 0.08663
24 0.08546
24 0.08578
24 0.08615
24 0.08557
24 0.08557
24 0.08519
24 0.08538
24 0.08599
24 0.08594
24 0.08592
24 0.08637
24 0.08486
24 0.08569
24 0.08607
24 0.08545
20 0.08389
20 0.08296
23 0.08474
20 0.08337
23 0.0852
20 0.08303
23 0.08538
20 0.08316
23 0.08754
20 0.08306
23 0.08513
20 0.08287
23 0.08549
20 0.08332
23 0.08504
20 0.08538
23 0.0853
20 0.08329
23 0.08549
28 0.08838
20 0.08384
23 0.08528
28 0.08897
26 0.08883
20 0.08375
23 0.08503
28 0.08835
26 0.08823
20 0.08334
23 0.08527
28 0.08933
26 0.08935
20 0.08311
23 0.09067
28 0.09186
26 0.08863
20 0.08321
23 0.08547
28 0.09037
26 0.08899
20 0.08308
23 0.08484
28 0.0932
26 0.08907
20 0.08384
23 0.08513
28 0.08813
26 0.08774
20 0.08264
23 0.08535
28 0.0884
26 0.08797
20 0.08272
23 0.08495
28 0.08845
26 0.08891
28 0.08842
20 0.08314
23 0.08487
28 0.08857
26 0.08785
28 0.09491
26 0.08815
20 0.08297
23 0.08481
28 0.08806
26 0.08768
28 0.09586
26 0.08862
20 0.08258
23 0.08516
28 0.08843
26 0.08807
28 0.08815
26 0.08876
20 0.08255
23 0.0858
28 0.08849
26 0.08804
28 0.08922
26 0.08797
20 0.08282
23 0.08564
28 0.08838
26 0.08846
28 0.08884
26 0.08829
20 0.08283
23 0.08494
28 0.0884
26 0.08767
28 0.08848
26 0.0944
20 0.08638
23 0.08463
28 0.08766
26 0.08736
28 0.08755
26 0.08798
20 0.08784
20 0.08321
23 0.08471
20 0.0828
23 0.08482
20 0.08353
23 0.08499
20 0.08302
23 0.08469
20 0.08289
23 0.08524
20 0.08318
23 0.08659
20 0.0836
23 0.08779
20 0.08333
23 0.0852
20 0.08325
23 0.08558
28 0.08832
20 0.08317
23 0.08534
28 0.1146
26 0.08818
20 0.08386
23 0.08566
28 0.08855
26 0.08944
20 0.08329
23 0.08483
28 0.08812
26 0.08777
20 0.08298
23 0.08532
28 0.08891
26 0.08773
20 0.08283
23 0.08464
28 0.0883
26 0.0879
20 0.08246
23 0.08456
28 0.08812
26 0.0875
20 0.08229
23 0.08408
28 0.08729
26 0.0874
20 0.08305
23 0.08438
28 0.08763
26 0.08748
20 0.08282
23 0.08466
28 0.09342
26 0.08766
28 0.08811
20 0.08315
23 0.0847
28 0.08784
26 0.08784
28 0.0887
26 0.08769
20 0.08275
23 0.08463
28 0.08846
26 0.08748
28 0.08796
26 0.08846
20 0.08228
23 0.08478
28 0.08765
26 0.08738
28 0.08782
26 0.08758
20 0.0824
23 0.08523
28 0.0878
26 0.08734
28 0.08797
26 0.0875
20 0.08288
23 0.08466
28 0.08792
26 0.08745
28 0.08868
26 0.08799
20 0.0827
23 0.08458
28 0.08752
26 0.08725
28 0.0877
26 0.10007
20 0.08793
23 0.09157
28 0.09555
26 0.0949
28 0.08822
26 0.08924
20 0.0827
20 0.08293
23 0.08454
20 0.08308
23 0.08514
20 0.08289
23 0.08452
20 0.08314
23 0.08504
20 0.08296
23 0.08477
20 0.08282
23 0.08518
20 0.08328
23 0.08541
20 0.08377
23 0.08486
20 0.08292
23 0.08453
28 0.08769
20 0.08307
23 0.08529
28 0.08751
26 0.08874
20 0.08291
23 0.08509
28 0.08901
26 0.08731
20 0.08286
23 0.08512
28 0.08879
26 0.08734
20 0.08289
23 0.08534
28 0.08776
26 0.08794
20 0.08293
23 0.08553
28 0.08792
26 0.08805
20 0.08254
23 0.08435
28 0.08793
26 0.08729
20 0.08351
23 0.08602
28 0.08774
26 0.08727
20 0.08252
23 0.0888
28 0.08999
26 0.0874
20 0.08238
23 0.08527
28 0.08804
26 0.08862
28 0.08862
20 0.08255
23 0.08461
28 0.08737
26 0.08776
28 0.08832
26 0.08741
20 0.08241
23 0.08464
28 0.08774
26 0.08765
28 0.08824
26 0.08776
20 0.08305
23 0.08478
28 0.08759
26 0.08759
28 0.09643
26 0.09663
20 0.09017
23 0.09243
28 0.08802
26 0.08713
28 0.0884
26 0.08725
20 0.08272
23 0.08443
28 0.08792
26 0.09033
28 0.08869
26 0.08879
20 0.08209
23 0.088
28 0.08838
26 0.08699
28 0.08839
26 0.08839
20 0.08051
23 0.08391
28 0.08665
26 0.08647
28 0.08744
26 0.08715
20 0.08246
20 0.08312
23 0.08473
20 0.08531
23 0.08537
20 0.08319
23 0.08534
20 0.08408
23 0.08476
20 0.08336
23 0.08538
20 0.10885
23 0.11087
20 0.0836
23 0.08692
20 0.0839
23 0.08558
20 0.08368
23 0.08566
28 0.08871
20 0.08298
23 0.08601
28 0.08823
26 0.08767
20 0.08338
23 0.08588
28 0.08855
26 0.08741
20 0.08284
23 0.08486
28 0.08801
26 0.08777
20 0.08295
23 0.08565
28 0.08937
26 0.08827
20 0.08288
23 0.0853
28 0.08864
26 0.08784
20 0.08254
23 0.08442
28 0.08799
26 0.08768
20 0.08438
23 0.08472
28 0.08749
26 0.0875
20 0.08229
23 0.0845
28 0.0878
26 0.08709
20 0.08315
23 0.08494
28 0.08751
26 0.08742
28 0.08844
20 0.08326
23 0.08471
28 0.08755
26 0.08691
28 0.08842
26 0.08775
20 0.08259
23 0.08444
28 0.08808
26 0.08811
28 0.09067
26 0.08832
20 0.08333
23 0.08516
28 0.08799
26 0.08747
28 0.08808
26 0.08755
20 0.08204
23 0.08525
28 0.08773
26 0.08738
28 0.08808
26 0.08757
20 0.08267
23 0.08444
28 0.08781
26 0.08821
28 0.08809
26 0.08839
20 0.08219
23 0.08661
28 0.08849
26 0.1377
28 0.1074
26 0.08829
20 0.08094
23 0.08422
28 0.0874
26 0.08668
28 0.08759
26 0.0873
20 0.08402
20 0.08321
23 0.08458
20 0.08303
23 0.08466
20 0.08288
23 0.08468
20 0.08325
23 0.08592
20 0.08505
23 0.08543
20 0.08392
23 0.08505
20 0.08421
23 0.08756
20 0.08385
23 0.08514
20 0.08331
23 0.08715
28 0.09064
20 0.08608
23 0.08625
28 0.08922
26 0.0879
20 0.08836
23 0.09518
28 0.09586
26 0.09338
20 0.0855
23 0.08724
28 0.09243
26 0.10109
20 0.08614
23 0.08607
28 0.09067
26 0.09458
20 0.08576
23 0.09525
28 0.08997
26 0.09161
20 0.10714
23 0.15232
28 0.10405
26 0.11564
20 0.08737
23 0.09573
28 0.10279
26 0.08973
20 0.09576
23 0.09604
28 0.09307
26 0.09937
20 0.08411
23 0.08506
28 0.08803
26 0.08788
28 0.08869
20 0.10597
23 0.11444
28 0.10169
26 0.09111
28 0.09899
26 0.09932
20 0.08889
23 0.08691
28 0.08838
26 0.09017
28 0.08936
26 0.08998
20 0.08579
23 0.08662
28 0.09072
26 0.08837
28 0.08897
26 0.08897
20 0.08873
23 0.08973
28 0.09417
26 0.08913
28 0.09221
26 0.09441
20 0.1019
23 0.09077
28 0.09504
26 0.10238
28 0.0897
26 0.09044
20 0.08444
23 0.08523
28 0.0884
26 0.08871
28 0.10138
26 0.09183
20 0.08665
23 0.0859
28 0.08841
26 0.08717
28 0.08786
26 0.08782
18 0.08299
18 0.08185
21 0.08287
18 0.08209
21 0.08364
18 0.0824
21 0.08334
18 0.0815
21 0.08303
18 0.08138
21 0.08296
18 0.08113
21 0.0862
18 0.0816
21 0.08313
18 0.08137
21 0.08266
18 0.08181
21 0.08246
26 0.08598
18 0.08184
21 0.08299
26 0.086
24 0.08575
18 0.08191
21 0.08317
26 0.08619
24 0.08729
18 0.08191
21 0.08417
26 0.0868
24 0.08624
18 0.08146
21 0.08298
26 0.08627
24 0.08593
18 0.08157
21 0.08286
26 0.08656
24 0.08579
18 0.08242
21 0.08292
26 0.08629
24 0.08738
18 0.08136
21 0.08279
26 0.08559
24 0.08663
18 0.08196
21 0.0871
26 0.0866
24 0.11144
18 0.08099
21 0.08298
26 0.08639
24 0.08573
26 0.08628
18 0.08202
21 0.0826
26 0.08622
24 0.08552
26 0.08657
24 0.08649
18 0.08146
21 0.08253
26 0.11856
24 0.08653
26 0.08617
24 0.08624
18 0.08155
21 0.08256
26 0.09811
24 0.09278
26 0.08602
24 0.0858
18 0.08237
21 0.08283
26 0.08588
24 0.08544
26 0.08613
24 0.08604
18 0.08095
21 0.08258
26 0.08567
24 0.08523
26 0.08588
24 0.08558
18 0.08079
21 0.08243
26 0.08555
24 0.10198
26 0.08876
24 0.0871
18 0.0796
21 0.08205
26 0.08519
24 0.08827
26 0.08581
24 0.08552
24 0.11214
24 0.08787
24 0.08939
24 0.08764
24 0.08695
24 0.08977
24 0.08749
24 0.08655
24 0.08814
24 0.08636
24 0.08648
24 0.08596
24 0.10508
24 0.09636
24 0.08739
24 0.08847
24 0.08781
24 0.08735
24 0.08728
24 0.08646
24 0.08842
24 0.10404
24 0.08823
24 0.08616
24 0.0882
24 0.08651
24 0.08716
24 0.08846
24 0.08621
24 0.08583
24 0.08927
24 0.08654
24 0.08635
24 0.08923
24 0.08658
24 0.0859
24 0.08627
24 0.08626
24 0.08637
24 0.08752
24 0.08639
24 0.08641
24 0.08627
24 0.08606
24 0.08561
24 0.08673
24 0.08641
24 0.0859
24 0.08546
24 0.08605
24 0.08576
24 0.08588
24 0.08553
24 0.08636
24 0.08586
24 0.08579
24 0.08547
24 0.08611
24 0.08501
24 0.08543
24 0.08523
24 0.08595
20 0.09043
20 0.09744
23 0.09064
20 0.08563
23 0.08595
20 0.08598
23 0.08668
20 0.08588
23 0.08601
20 0.08542
23 0.08535
20 0.08339
23 0.08556
20 0.08602
23 0.08541
20 0.08323
23 0.08851
20 0.08347
23 0.08613
28 0.08884
20 0.08599
23 0.08593
28 0.08979
26 0.08816
20 0.08579
23 0.0858
28 0.08912
26 0.08889
20 0.08606
23 0.08622
28 0.08921
26 0.08901
20 0.08544
23 0.08599
28 0.08891
26 0.08819
20 0.08763
23 0.08666
28 0.08987
26 0.09083
20 0.08647
23 0.08515
28 0.08887
26 0.0893
20 0.08482
23 0.0863
28 0.08874
26 0.08875
20 0.086
23 0.08546
28 0.09143
26 0.08952
20 0.08549
23 0.08623
28 0.08906
26 0.0891
28 0.09015
20 0.08541
23 0.08641
28 0.09075
26 0.08872
28 0.08946
26 0.08855
20 0.0851
23 0.08546
28 0.08934
26 0.08851
28 0.089
26 0.08963
20 0.09218
23 0.09083
28 0.08891
26 0.08864
28 0.08904
26 0.08965
20 0.08421
23 0.08533
28 0.08921
26 0.08888
28 0.08918
26 0.08909
20 0.08509
23 0.08609
28 0.08939
26 0.08891
28 0.0893
26 0.08927
20 0.08502
23 0.09539
28 0.08957
26 0.08787
28 0.08914
26 0.08855
20 0.08169
23 0.08516
28 0.08756
26 0.08768
28 0.08775
26 0.0922
20 0.08302
20 0.08606
23 0.08522
20 0.09108
23 0.09573
20 0.0842
23 0.08609
20 0.08608
23 0.08603
20 0.0881
23 0.08549
20 0.0852
23 0.08609
20 0.08542
23 0.08582
20 0.08558
23 0.08646
20 0.08603
23 0.08601
28 0.08877
20 0.08526
23 0.08593
28 0.0889
26 0.08902
20 0.08406
23 0.08543
28 0.0882
26 0.10047
20 0.08572
23 0.08788
28 0.0896
26 0.09043
20 0.08536
23 0.08872
28 0.08943
26 0.0888
20 0.0853
23 0.08573
28 0.08858
26 0.08836
20 0.08516
23 0.08563
28 0.08889
26 0.08874
20 0.08621
23 0.08671
28 0.08906
26 0.08925
20 0.08544
23 0.08682
28 0.08879
26 0.08821
20 0.09418
23 0.0989
28 0.09497
26 0.09383
28 0.09266
20 0.08778
23 0.08676
28 0.09702
26 0.09158
28 0.09432
26 0.09531
20 0.0894
23 0.08819
28 0.09732
26 0.09353
28 0.09355
26 0.08865
20 0.09263
23 0.09256
28 0.09556
26 0.08945
28 0.10724
26 0.12006
20 0.10782
23 0.10192
28 0.1
26 0.09026
28 0.09022
26 0.0893
20 0.11098
23 0.09695
28 0.10747
26 0.10991
28 0.11354
26 0.08976
20 0.08993
23 0.09086
28 0.0925
26 0.09326
28 0.09248
26 0.09409
20 0.08532
23 0.09233
28 0.09233
26 0.096
28 0.10129
26 0.15497
20 0.08664
20 0.08551
23 0.08519
20 0.0866
23 0.11012
20 0.10697
23 0.09041
20 0.08781
23 0.08539
20 0.08644
23 0.0879
20 0.08847
23 0.08559
20 0.0883
23 0.09216
20 0.09358
23 0.08866
20 0.08454
23 0.08723
28 0.09718
20 0.09287
23 0.09384
28 0.10157
26 0.10181
20 0.084
23 0.08883
28 0.09144
26 0.0891
20 0.08372
23 0.08591
28 0.08865
26 0.09479
20 0.09087
23 0.08473
28 0.08859
26 0.08847
20 0.08385
23 0.08616
28 0.08965
26 0.08927
20 0.08315
23 0.0855
28 0.08866
26 0.08775
20 0.09102
23 0.0898
28 0.09071
26 0.08876
20 0.08447
23 0.08991
28 0.09662
26 0.09453
20 0.08353
23 0.09345
28 0.09345
26 0.09242
28 0.0984
20 0.08464
23 0.09902
28 0.09754
26 0.09336
28 0.09821
26 0.09091
20 0.08581
23 0.08554
28 0.15874
26 0.09719
28 0.0905
26 0.08929
